B 20 0.001 50000 5
0.004012
1.10269192423
0 0.000984 1.10162601626 0.0 0.0 0.0 0.0 0.0
1 0.001016 1.01968503937 0.0 0.0 0.0 0.0 0.0
2 0.001028 1.08949416342 0.0 0.0 0.0 0.0 0.0
3 0.000916 1.03493449782 0.0 0.0 0.0 0.0 0.0
4 0.000944 1.0 0.0 0.0 0.0 0.0 0.0
5 0.00094 1.03404255319 0.0 0.0 0.0 0.0 0.0
6 0.001024 1.03125 0.0 0.0 0.0 0.0 0.0
7 0.001068 1.16104868914 0.0 0.0 0.0 0.0 0.0
8 0.000984 1.05284552846 0.0 0.0 0.0 0.0 0.0
9 0.00106 1.03018867925 0.0 0.0 0.0 0.0 0.0
10 0.001028 1.03891050584 0.0 0.0 0.0 0.0 0.0
11 0.000988 1.12955465587 0.0 0.0 0.0 0.0 0.0
12 0.001036 1.06177606178 0.0 0.0 0.0 0.0 0.0
13 0.000928 1.02586206897 0.0 0.0 0.0 0.0 0.0
14 0.000968 1.03305785124 0.0 0.0 0.0 0.0 0.0
15 0.000916 1.11790393013 0.0 0.0 0.0 0.0 0.0
16 0.000944 1.09745762712 0.0 0.0 0.0 0.0 0.0
17 0.001136 1.05281690141 0.0 0.0 0.0 0.0 0.0
18 0.001028 1.08949416342 0.0 0.0 0.0 0.0 0.0
19 0.001076 1.02230483271 0.0 0.0 0.0 0.0 0.0
B 20 0.002 50000 5
0.008168
1.17238001959
0 0.00204 1.13725490196 0.0 0.0 0.0 0.0 0.0
1 0.001848 1.18398268398 0.0 0.0 0.0 0.0 0.0
2 0.00198 1.12525252525 0.0 0.0 0.0 0.0 0.0
3 0.001972 1.20892494929 0.0 0.0 0.0 0.0 0.0
4 0.001996 1.13426853707 0.0 0.0 0.0 0.0 0.0
5 0.002084 1.09788867562 0.0 0.0 0.0 0.0 0.0
6 0.001992 1.21485943775 0.0 0.0 0.0 0.0 0.0
7 0.00202 1.14059405941 0.0 0.0 0.0 0.0 0.0
8 0.002028 1.21104536489 0.0 0.0 0.0 0.0 0.0
9 0.001848 1.25324675325 0.0 0.0 0.0 0.0 0.0
10 0.002076 1.19267822736 0.0 0.0 0.0 0.0 0.0
11 0.001972 1.20283975659 0.0 0.0 0.0 0.0 0.0
12 0.001892 1.14587737844 0.0 0.0 0.0 0.0 0.0
13 0.002064 1.16666666667 0.0 0.0 0.0 0.0 0.0
14 0.002028 1.11439842209 0.0 0.0 0.0 0.0 0.0
15 0.002112 1.16287878788 0.0 0.0 0.0 0.0 0.0
16 0.001996 1.27254509018 0.0 0.0 0.0 0.0 0.0
17 0.002168 1.26752767528 0.0 0.0 0.0 0.0 0.0
18 0.00208 1.18653846154 0.0 0.0 0.0 0.0 0.0
19 0.00208 1.25 0.0 0.0 0.0 0.0 0.0
B 20 0.003 50000 5
0.0122
1.21901639344
0 0.002964 1.21862348178 0.0 0.0 0.0 0.0 0.0
1 0.003096 1.18992248062 0.0 0.0 0.0 0.0 0.0
2 0.003076 1.2210663199 0.0 0.0 0.0 0.0 0.0
3 0.002964 1.26720647773 0.0 0.0 0.0 0.0 0.0
4 0.002972 1.25437415882 0.0 0.0 0.0 0.0 0.0
5 0.002984 1.26139410188 0.0 0.0 0.0 0.0 0.0
6 0.003128 1.21867007673 0.0 0.0 0.0 0.0 0.0
7 0.002872 1.32729805014 0.0 0.0 0.0 0.0 0.0
8 0.00302 1.18145695364 0.0 0.0 0.0 0.0 0.0
9 0.003232 1.34900990099 0.0 0.0 0.0 0.0 0.0
10 0.002884 1.34257975035 0.0 0.00689655172414 0.0 0.0 0.0
11 0.003056 1.18062827225 0.0 0.0 0.0 0.0 0.0
12 0.003144 1.2582697201 0.0 0.0 0.0 0.0 0.0
13 0.002984 1.23056300268 0.0 0.0 0.0 0.0 0.0
14 0.003128 1.2378516624 0.0 0.0 0.0 0.0 0.0
15 0.00306 1.2091503268 0.0 0.0 0.0 0.0 0.0
16 0.003 1.21733333333 0.0 0.0 0.0 0.0 0.0
17 0.00298 1.27785234899 0.0 0.0 0.0 0.0 0.0
18 0.003108 1.18532818533 0.0 0.0 0.0 0.0 0.0
19 0.002792 1.20343839542 0.0 0.0 0.0 0.0 0.0
B 20 0.004 50000 5
0.016108
1.35932455923
0 0.004056 1.37278106509 0.0 0.0 0.0 0.0 0.0
1 0.004012 1.2442671984 0.0 0.0 0.0 0.0 0.0
2 0.003848 1.36382536383 0.0 0.0 0.0 0.0 0.0
3 0.003908 1.41453428864 0.0 0.0 0.0 0.0 0.0
4 0.004092 1.38416422287 0.0 0.0 0.0 0.0 0.0
5 0.00416 1.34807692308 0.0 0.0 0.0 0.0 0.0
6 0.004144 1.26640926641 0.0 0.0 0.0 0.0 0.0
7 0.003756 1.27156549521 0.0 0.0 0.0 0.0 0.0
8 0.003892 1.38129496403 0.0 0.0 0.0 0.0 0.0
9 0.004112 1.36770428016 0.0 0.0 0.0 0.0 0.0
10 0.004144 1.29826254826 0.0 0.0 0.0 0.0 0.0
11 0.004112 1.23151750973 0.0 0.0 0.0 0.0 0.0
12 0.00412 1.29417475728 0.0 0.0 0.0 0.0 0.0
13 0.004108 1.27945472249 0.0 0.0 0.0 0.0 0.0
14 0.004056 1.38264299803 0.0 0.0 0.0 0.0 0.0
15 0.004004 1.31268731269 0.0 0.0 0.0 0.0 0.0
16 0.003988 1.35707121364 0.0 0.0 0.0 0.0 0.0
17 0.003908 1.37563971341 0.0 0.0 0.0 0.0 0.0
18 0.00404 1.30594059406 0.0 0.0 0.0 0.0 0.0
19 0.003768 1.29936305732 0.0 0.0 0.0 0.0 0.0
B 20 0.005 50000 5
0.020196
1.51396316102
0 0.005184 1.38425925926 0.0 0.0 0.0 0.0 0.0
1 0.005076 1.53743104807 0.0 0.0 0.0 0.0 0.0
2 0.00504 1.44285714286 0.0 0.0 0.0 0.0 0.0
3 0.005028 1.56642800318 0.0 0.0 0.0 0.0 0.0
4 0.00502 1.56494023904 0.0 0.0 0.0 0.0 0.0
5 0.005068 1.48382004736 0.0 0.0 0.0 0.0 0.0
6 0.004792 1.35642737896 0.0 0.0 0.0 0.0 0.0
7 0.00492 1.42682926829 0.0 0.0 0.0 0.0 0.0
8 0.004964 1.45769540693 0.0 0.0 0.0 0.0 0.0
9 0.005036 1.50833995234 0.0 0.0 0.0 0.0 0.0
10 0.005104 1.45689655172 0.0 0.0 0.0 0.0 0.0
11 0.004904 1.38009787928 0.0 0.0 0.0 0.0 0.0
12 0.00504 1.54047619048 0.0 0.0 0.0 0.0 0.0
13 0.005012 1.35674381484 0.0 0.0 0.0 0.0 0.0
14 0.004852 1.49629018961 0.0 0.0 0.0 0.0 0.0
15 0.00502 1.46772908367 0.0 0.0 0.0 0.0 0.0
16 0.0048 1.475 0.0 0.0 0.0 0.0 0.0
17 0.004884 1.39475839476 0.0 0.0 0.0 0.0 0.0
18 0.00524 1.40076335878 0.0 0.0 0.0 0.0 0.0
19 0.004888 1.441898527 0.0 0.0 0.0 0.0 0.0
B 20 0.006 50000 5
0.024112
1.65676841407
0 0.005896 1.71031207598 0.0 0.0 0.0 0.0 0.0
1 0.006016 1.6170212766 0.0 0.0 0.0 0.0 0.0
2 0.005912 1.72530446549 0.0 0.0 0.0 0.0 0.0
3 0.00586 1.67098976109 0.0 0.0 0.0 0.0 0.0
4 0.00614 1.65732899023 0.0 0.0 0.0 0.0 0.0
5 0.005656 1.72347949081 0.0 0.0 0.0 0.0 0.0
6 0.006196 1.57585539057 0.0 0.0 0.0 0.0 0.0
7 0.006148 1.56018217306 0.0 0.0 0.0 0.0 0.0
8 0.00608 1.53026315789 0.0 0.0 0.0 0.0 0.0
9 0.006136 1.59452411995 0.0 0.0 0.0 0.0 0.0
10 0.00596 1.60805369128 0.0 0.0 0.0 0.0 0.0
11 0.005792 1.58149171271 0.0 0.0 0.0 0.0 0.0
12 0.00608 1.61447368421 0.0 0.0 0.0 0.0 0.0
13 0.00612 1.53986928105 0.0 0.0 0.0 0.0 0.0
14 0.005856 1.65710382514 0.0 0.0 0.0 0.0 0.0
15 0.005912 1.89783491204 0.0 0.0 0.0 0.0 0.0
16 0.006044 1.56982131039 0.0 0.0 0.0 0.0 0.0
17 0.006144 1.75 0.0 0.0 0.0 0.0 0.0
18 0.006012 1.67664670659 0.0 0.0 0.0 0.0 0.0
19 0.00582 1.67147766323 0.0 0.0 0.0 0.0 0.0
B 20 0.007 50000 5
0.028384
1.75972378805
0 0.007324 1.84161660295 0.0 0.0 0.0 0.0 0.0
1 0.007032 1.81114903299 0.0 0.0 0.0 0.0 0.0
2 0.007208 1.9089900111 0.0 0.0 0.0 0.0 0.0
3 0.007048 1.9772985244 0.0 0.0 0.0 0.0 0.00305810397554
4 0.006792 1.90930506478 0.0 0.0 0.0 0.0 0.0
5 0.006832 2.03454332553 0.0 0.0 0.0 0.0 0.0
6 0.007096 1.90980834273 0.0 0.0 0.0 0.0 0.0
7 0.007324 1.74112506827 0.0 0.0 0.0 0.0 0.0
8 0.007056 1.99206349206 0.0 0.0 0.0 0.0 0.0
9 0.007276 1.99450247389 0.0 0.0 0.0 0.0 0.0
10 0.00702 2.08717948718 0.0 0.0 0.0 0.0 0.0
11 0.00698 1.87851002865 0.0 0.0 0.0 0.0 0.0
12 0.007024 1.75056947608 0.0 0.0 0.0 0.0 0.0
13 0.006808 1.9330199765 0.0 0.0 0.0 0.0 0.0
14 0.00694 2.11700288184 0.0 0.0 0.0 0.0 0.0
15 0.00716 1.9938547486 0.0 0.0 0.0 0.0 0.0
16 0.00698 2.18739255014 0.0 0.0 0.0 0.0 0.0
17 0.007092 1.89114495206 0.0 0.0 0.0 0.0 0.0
18 0.006688 2.11961722488 0.0 0.0 0.0 0.0 0.0
19 0.006536 1.98898408813 0.0 0.0 0.0 0.0 0.0
B 20 0.008 50000 5
0.032384
2.14192193676
0 0.007964 2.34655951783 0.0 0.0 0.0 0.0 0.0
1 0.008164 2.19500244978 0.0 0.0 0.0 0.0 0.0
2 0.008188 2.24328285296 0.0 0.0 0.0 0.0 0.0
3 0.007956 2.08597285068 0.0 0.0 0.0 0.0 0.0
4 0.008068 2.86316311353 0.0 0.0 0.0 0.0 0.0
5 0.008168 2.34280117532 0.0 0.0 0.0 0.0 0.0
6 0.008004 2.60769615192 0.0 0.0 0.0 0.0 0.0
7 0.008116 2.93888615081 0.0 0.0 0.0 0.0 0.0
8 0.008136 2.07227138643 0.0 0.0 0.0 0.0 0.0
9 0.008028 2.17389138017 0.0 0.0 0.0 0.0 0.0
10 0.008028 2.44294967613 0.0 0.0 0.0 0.0 0.0
11 0.007836 2.12200102093 0.0 0.0 0.0 0.0 0.0
12 0.007984 2.27054108216 0.0 0.0 0.0 0.0 0.0
13 0.007828 2.22381195708 0.0 0.0 0.0 0.0 0.0
14 0.008 2.2775 0.0 0.0 0.0 0.0 0.0
15 0.008148 2.28865979381 0.0 0.0 0.0 0.0 0.0
16 0.00786 2.36692111959 0.0 0.0 0.0 0.0 0.0
17 0.007904 2.61336032389 0.0 0.0 0.0 0.0 0.0
18 0.008104 2.66485686081 0.0 0.0 0.0 0.0 0.0
19 0.007848 2.37155963303 0.0 0.00243309002433 0.0 0.0 0.0
B 20 0.009 50000 5
0.03646
2.70433351618
0 0.009096 3.00527704485 0.0 0.0 0.0 0.0 0.0
1 0.009032 2.36758193091 0.0 0.0 0.0 0.0 0.0
2 0.00924 3.06883116883 0.0 0.0 0.0 0.0 0.0
3 0.008796 2.6184629377 0.0 0.0 0.0 0.0 0.0
4 0.009176 2.59154315606 0.0 0.0 0.0 0.0 0.0
5 0.00922 3.05422993492 0.0 0.0 0.0 0.0 0.0
6 0.009008 2.95559502664 0.0 0.0 0.0 0.0 0.0
7 0.009036 3.04736609119 0.0 0.0 0.0 0.0 0.0
8 0.009032 2.68910540301 0.0 0.0 0.00224719101124 0.0 0.0
9 0.009012 2.73191300488 0.0 0.0 0.0 0.0 0.0
10 0.008804 2.32439800091 0.0 0.0 0.0 0.0 0.0
11 0.00872 2.67568807339 0.0 0.0 0.0 0.0 0.0
12 0.008848 3.17495479204 0.0 0.0 0.0 0.0 0.0
13 0.008792 2.80118289354 0.0 0.0 0.0 0.0 0.0
14 0.008776 2.54785779398 0.0 0.0 0.00227272727273 0.0 0.0
15 0.009444 2.67174925879 0.0 0.0 0.0 0.0 0.0
16 0.009156 2.54346876365 0.0 0.0 0.0 0.0 0.0
17 0.00888 2.98063063063 0.0 0.0 0.0 0.0 0.0
18 0.009168 3.9537521815 0.0 0.0 0.0 0.0 0.0
19 0.009056 2.55786219081 0.0 0.0 0.00197238658777 0.0 0.0
B 20 0.01 50000 5
0.04056
2.92445759369
0 0.009448 2.84970364098 0.0 0.0 0.0 0.0 0.0
1 0.010176 2.98466981132 0.0 0.0 0.0 0.0 0.0
2 0.010248 3.14793130367 0.0 0.0 0.0 0.0 0.0
3 0.010252 3.19391338275 0.0 0.0 0.0 0.0 0.0
4 0.009888 2.89482200647 0.0 0.0 0.0 0.0 0.0
5 0.009472 3.49451013514 0.0 0.0 0.0 0.0 0.00212765957447
6 0.009792 3.51266339869 0.0 0.0 0.0 0.0 0.0
7 0.010156 3.18747538401 0.0 0.0 0.0 0.0 0.0
8 0.00968 2.99338842975 0.0 0.0 0.0 0.0 0.0
9 0.010252 5.78072571206 0.0 0.0 0.0 0.0 0.0
10 0.010412 3.1390703035 0.0 0.0 0.0 0.0 0.0
11 0.009724 3.18593171534 0.0 0.0 0.0 0.0 0.0
12 0.00982 2.95234215886 0.0 0.0 0.0 0.0 0.0
13 0.009984 2.71834935897 0.0 0.0 0.0 0.0 0.00196463654224
14 0.01002 3.25708582834 0.0 0.0 0.0 0.0 0.001953125
15 0.009892 3.18964820057 0.0 0.0 0.0 0.0 0.0
16 0.010536 3.18792710706 0.0 0.0 0.0 0.0 0.0
17 0.010176 3.2268081761 0.0 0.0 0.0 0.0 0.0
18 0.01036 5.40733590734 0.0 0.0 0.0 0.0 0.0
19 0.01014 3.08639053254 0.0 0.0 0.0 0.0 0.0
B 20 0.011 50000 5
0.04468
4.01548791406
0 0.010704 4.49103139013 0.0 0.0 0.0 0.0 0.0
1 0.010952 3.8553688824 0.0 0.0 0.0 0.0 0.0
2 0.010976 4.48214285714 0.0 0.0 0.0 0.0 0.0
3 0.011052 4.07455664133 0.0 0.0 0.0 0.0 0.0018281535649
4 0.011188 3.52377547372 0.0 0.0 0.0 0.0 0.0
5 0.010952 5.13623082542 0.0 0.0 0.0 0.0 0.0
6 0.010748 3.63304800893 0.0 0.0 0.0 0.0 0.0
7 0.01114 3.83698384201 0.0 0.0 0.0 0.0 0.0
8 0.010764 4.15421776291 0.0 0.0 0.0 0.0 0.0
9 0.011076 7.71867100036 0.0 0.0 0.0 0.0 0.0
10 0.010848 4.43510324484 0.0 0.0 0.0 0.0 0.0
11 0.010668 3.92313460817 0.0 0.0 0.0 0.0 0.0
12 0.01096 10.1346715328 0.0 0.0 0.0 0.0 0.0
13 0.011228 5.23868899181 0.0 0.0 0.0 0.0 0.00182481751825
14 0.011328 3.95656779661 0.0 0.0 0.0 0.0 0.0
15 0.011256 3.59879175551 0.0 0.0 0.0 0.0 0.00169779286927
16 0.011264 4.12002840909 0.00179211469534 0.0 0.0 0.0 0.0
17 0.010812 5.78838327784 0.0 0.0 0.0 0.0 0.0
18 0.01124 4.20747330961 0.0 0.0 0.0 0.0 0.0
19 0.011288 3.63855421687 0.0 0.0 0.0 0.0 0.00719424460432
B 20 0.012 50000 5
0.048452
6.33402129943
0 0.012108 6.76313181368 0.0 0.0 0.0 0.0 0.0
1 0.011788 8.37054631829 0.0051993067591 0.0 0.0 0.0 0.0
2 0.012152 7.14384463463 0.0 0.0 0.0 0.0 0.0
3 0.012024 15.1739853626 0.0 0.0 0.0 0.0 0.0
4 0.011724 6.79495052883 0.0 0.0 0.0 0.0 0.0
5 0.011692 5.33732466644 0.0 0.0 0.0 0.0 0.0
6 0.011808 8.76998644986 0.0 0.0016583747927 0.0 0.0 0.0
7 0.012216 8.77308447937 0.0 0.0 0.0 0.0 0.0
8 0.011584 6.14468232044 0.0 0.0 0.0 0.0 0.0
9 0.012224 7.33213350785 0.0 0.0 0.0 0.0 0.0
10 0.012204 9.36053752868 0.0 0.0 0.0 0.0 0.0
11 0.011888 7.75572005384 0.0 0.0 0.0 0.0 0.0
12 0.012124 6.98152424942 0.0 0.00170357751278 0.0 0.0 0.0
13 0.011932 5.74287629903 0.0 0.00164203612479 0.0 0.0 0.0
14 0.012196 5.54542472942 0.0 0.0 0.0 0.0 0.0
15 0.012096 10.400462963 0.0 0.0 0.0 0.0 0.0
16 0.012304 6.48049414824 0.0 0.0 0.0 0.0 0.0
17 0.011964 6.15412905383 0.0 0.0 0.0 0.0 0.0
18 0.012144 6.19071146245 0.0 0.0 0.0 0.0 0.0
19 0.01204 15.1700996678 0.0 0.0 0.0 0.0 0.0
B 20 0.013 50000 5
0.052524
9.23684410936
0 0.013004 8.08828052907 0.0 0.0 0.0015923566879 0.0 0.0
1 0.012504 7.07869481766 0.0 0.0 0.0 0.0 0.0
2 0.013012 7.78204734092 0.0 0.0 0.0 0.0 0.0
3 0.013232 8.44891172914 0.0 0.0 0.0 0.0 0.0
4 0.013088 10.2762836186 0.0 0.0 0.0 0.0 0.0
5 0.012968 7.80629241209 0.0 0.0 0.0 0.0 0.0
6 0.01302 7.45560675883 0.0 0.0 0.0 0.0 0.0
7 0.012912 7.20136307311 0.0 0.0 0.0 0.0 0.0
8 0.012768 15.0250626566 0.0 0.0 0.0 0.0 0.0
9 0.012608 22.4965101523 0.0 0.0 0.0 0.0 0.0
10 0.013 8.42092307692 0.0 0.0 0.00292397660819 0.0 0.0
11 0.013096 8.15791081246 0.0 0.0 0.0 0.0 0.0
12 0.013124 6.84242608961 0.0 0.0 0.0 0.0 0.0
13 0.013272 14.1763110307 0.0 0.0 0.00142045454545 0.0 0.0
14 0.01328 7.89487951807 0.0 0.0 0.0 0.0 0.0
15 0.012996 9.45121575869 0.0 0.0 0.0 0.0 0.0
16 0.013168 11.310145808 0.0 0.0 0.0 0.0 0.0
17 0.012996 7.59956909818 0.0 0.0 0.00154083204931 0.0 0.0
18 0.012972 9.54702436016 0.0 0.00150602409639 0.0 0.0 0.0
19 0.01302 8.2291858679 0.0 0.0 0.0 0.0 0.0
B 20 0.014 50000 5
0.056608
21.3884963256
0 0.01396 23.6343839542 0.0 0.0 0.0 0.0 0.0
1 0.013832 34.1038172354 0.0014598540146 0.0 0.0 0.0 0.0
2 0.014036 13.9943003705 0.0 0.0 0.0 0.0 0.0
3 0.014108 8.47632548908 0.0 0.0 0.0 0.0 0.0
4 0.014036 11.1689940154 0.0 0.0 0.0 0.0 0.0
5 0.013564 10.0754939546 0.0 0.0 0.0 0.0 0.0
6 0.01408 9.62528409091 0.0 0.0 0.00138121546961 0.0 0.0
7 0.013904 26.6320483314 0.0 0.0 0.0 0.0 0.0
8 0.013968 20.1311569301 0.0123266563945 0.0 0.0 0.0 0.0
9 0.013704 17.6260945709 0.0 0.0 0.0 0.0 0.0
10 0.013588 15.5360612305 0.0 0.0 0.0014880952381 0.0 0.0
11 0.014252 9.21133875947 0.0 0.0 0.0 0.0 0.0
12 0.01436 14.6788300836 0.0 0.0 0.00277008310249 0.0 0.0
13 0.014476 32.7794970986 0.0 0.0 0.0 0.0 0.0
14 0.014276 18.7537125245 0.00280504908836 0.0 0.0 0.0 0.0
15 0.013892 18.7719550821 0.0 0.0 0.0 0.0 0.0
16 0.014052 15.5294619983 0.0 0.0 0.0 0.0 0.0
17 0.014296 12.5884163402 0.0 0.0 0.0 0.0 0.0
18 0.013704 20.649737303 0.0 0.0 0.0 0.0 0.0
19 0.014032 29.7574116306 0.0014684287812 0.0 0.0 0.0 0.0
B 20 0.015 50000 5
0.06072
51.2279314888
0 0.01498 56.7994659546 0.00958904109589 0.0 0.0 0.0 0.00133333333333
1 0.014824 57.1896923907 0.0 0.0792767732962 0.0 0.0 0.00126582278481
2 0.015084 74.0413683373 0.0 0.0 0.00134770889488 0.0 0.0120643431635
3 0.015012 38.8832933653 0.0 0.0 0.0 0.0 0.00135317997294
4 0.015096 19.7318494966 0.0 0.0 0.0 0.0 0.00132450331126
5 0.015288 25.6452119309 0.0 0.0 0.0 0.0 0.00135317997294
6 0.01504 44.0031914894 0.0 0.0 0.0 0.0 0.0
7 0.014844 44.0304500135 0.0 0.0 0.0 0.0 0.0
8 0.01514 51.4282694848 0.0 0.0 0.00132275132275 0.0 0.0
9 0.014708 27.3720424259 0.0 0.0 0.0 0.0144927536232 0.0157894736842
10 0.014888 42.1477700161 0.0 0.0 0.00133155792277 0.0 0.0
11 0.015192 24.8488678252 0.0 0.0 0.0 0.0 0.0
12 0.01506 74.0669322709 0.0 0.0 0.0 0.0 0.0
13 0.014992 27.3695304162 0.0 0.0 0.00928381962865 0.0 0.0
14 0.014504 37.8199117485 0.00572246065808 0.0 0.0 0.0 0.0
15 0.015092 43.309302942 0.0 0.0 0.0 0.0 0.0
16 0.014896 27.6511815252 0.0 0.0 0.0 0.0 0.00131406044678
17 0.014716 34.0554498505 0.0 0.0 0.0421195652174 0.0 0.0
18 0.014812 34.115041858 0.0245566166439 0.0 0.0 0.00133333333333 0.0
19 0.015136 31.3636363636 0.0 0.0 0.00282485875706 0.0 0.0
B 20 0.016 50000 5
0.064748
98.8664360289
0 0.01614 112.465923172 0.0 0.0 0.0 0.0013037809648 0.0
1 0.015944 146.734570998 0.0 0.0 0.0 0.00785340314136 0.0
2 0.015884 86.4845127172 0.0 0.0 0.0 0.0 0.0
3 0.015932 106.751694702 0.0 0.0 0.0 0.0 0.0
4 0.01636 106.193398533 0.0125313283208 0.0 0.0 0.0 0.0
5 0.0158 95.6683544304 0.0 0.0 0.0 0.00130718954248 0.0246305418719
6 0.015972 79.4911094415 0.00381679389313 0.0012987012987 0.004884004884 0.00128205128205 0.0
7 0.01572 108.192111959 0.0 0.0 0.0173482032218 0.00250626566416 0.0
8 0.015712 130.998727088 0.0 0.0 0.0 0.00129198966408 0.0
9 0.015948 70.4574868322 0.0 0.0 0.0 0.00376884422111 0.0
10 0.016 77.96825 0.0 0.0 0.0 0.0261282660333 0.0
11 0.016192 87.0783102767 0.0 0.0 0.0 0.0 0.0
12 0.015796 68.0235502659 0.0 0.0 0.0 0.0 0.0
13 0.01598 175.875594493 0.0 0.0 0.0 0.00739827373613 0.0
14 0.016076 99.4249813386 0.0 0.0 0.0 0.0 0.0
15 0.016076 116.376212988 0.0 0.0 0.0 0.00239234449761 0.0
16 0.01616 49.526980198 0.0 0.032967032967 0.0 0.0 0.0
17 0.016012 83.4891331501 0.0 0.0225 0.0 0.00125470514429 0.0288461538462
18 0.015628 50.5359610955 0.0335483870968 0.0 0.00252844500632 0.0 0.00132802124834
19 0.015788 149.119331138 0.0 0.0 0.0 0.00338600451467 0.0
B 20 0.017 50000 5
0.068508
154.773457114
0 0.016636 111.888675162 0.0 0.0 0.0 0.0 0.00236966824645
1 0.016788 137.553252323 0.0 0.0 0.0 0.0 0.0
2 0.01654 215.496009674 0.0 0.0 0.0 0.0 0.0
3 0.017216 80.1730947955 0.00357142857143 0.0 0.00117508813161 0.00342465753425 0.0
4 0.017456 194.398716774 0.0 0.0 0.0 0.0 0.0
5 0.016568 102.053355867 0.0 0.0 0.00247524752475 0.0 0.0011135857461
6 0.016972 200.148244167 0.0188457008245 0.0011655011655 0.0 0.00993788819876 0.0241379310345
7 0.017216 143.830390335 0.0135593220339 0.00116686114352 0.0 0.0 0.00477326968974
8 0.016788 135.93328568 0.0 0.00829383886256 0.0 0.00467289719626 0.0
9 0.01686 132.211625148 0.0 0.0011862396204 0.0227817745803 0.0 0.00230414746544
10 0.016988 157.182952672 0.0 0.0 0.0 0.0 0.00118063754427
11 0.016508 307.971650109 0.0 0.0 0.0 0.0 0.047032474804
12 0.017092 228.914111865 0.0 0.0253456221198 0.0045871559633 0.0 0.00222222222222
13 0.017004 175.228181604 0.0 0.0 0.0 0.0 0.00334821428571
14 0.016944 203.07884797 0.0299043062201 0.0 0.0 0.0 0.00114547537228
15 0.016684 203.157036682 0.0 0.00115874855156 0.0 0.0 0.0
16 0.016964 165.76797925 0.03125 0.0 0.0 0.0344036697248 0.00112612612613
17 0.017268 162.599953672 0.0 0.0 0.0 0.0 0.0
18 0.017484 163.678563258 0.0 0.0 0.0 0.0 0.0
19 0.01692 112.478014184 0.0 0.0 0.0 0.0 0.0
B 20 0.018 50000 5
0.072452
284.50665268
0 0.0177 263.006779661 0.0 0.0 0.0 0.0158013544018 0.0
1 0.0179 239.541899441 0.0 0.0102389078498 0.00454545454545 0.00111482720178 0.0
2 0.018324 389.304736957 0.0 0.0 0.0 0.0 0.0
3 0.018068 343.551472216 0.0 0.0 0.0100334448161 0.0 0.0
4 0.017592 307.676671214 0.0011350737798 0.0137711864407 0.0 0.0141676505313 0.0
5 0.01788 254.055704698 0.0 0.0 0.0 0.0 0.0
6 0.0177 215.744632768 0.0238611713666 0.0 0.00932400932401 0.0268456375839 0.0
7 0.017728 231.559566787 0.00234192037471 0.0177187153931 0.0 0.0 0.0335861321777
8 0.017796 478.309058215 0.0 0.0229508196721 0.0 0.00223214285714 0.0
9 0.01774 271.758737317 0.0837104072398 0.0 0.00114155251142 0.0 0.0116648992577
10 0.01754 494.062713797 0.00114025085519 0.0 0.0 0.0417136414882 0.0
11 0.017696 184.978300181 0.0 0.0 0.00651465798046 0.00445930880713 0.0
12 0.018064 305.851195748 0.00111982082867 0.0 0.0137566137566 0.00216216216216 0.0
13 0.018188 426.148009677 0.00107991360691 0.0 0.0 0.0 0.0
14 0.01766 150.898980747 0.0010775862069 0.0675057208238 0.00793650793651 0.0 0.0388026607539
15 0.018156 232.300286407 0.001100110011 0.0 0.0116648992577 0.00228310502283 0.0147679324895
16 0.018332 266.76041894 0.00109170305677 0.0 0.0108932461874 0.0 0.0
17 0.017472 214.692994505 0.0 0.0 0.0115874855156 0.0 0.0
18 0.018268 221.584409897 0.00108577633008 0.0210526315789 0.0 0.00114025085519 0.0224839400428
19 0.017728 227.284747292 0.00116009280742 0.0 0.0 0.00114416475973 0.0
B 20 0.019 50000 5
0.076312
370.284568613
0 0.018616 686.334765793 0.0 0.0296377607025 0.0 0.00720164609053 0.0
1 0.018624 360.615335052 0.0216049382716 0.0 0.0 0.0 0.0
2 0.018864 403.788804071 0.0 0.044776119403 0.0 0.0136842105263 0.00100401606426
3 0.018748 345.427138895 0.0 0.0 0.00113122171946 0.0 0.00400801603206
4 0.018856 344.365294866 0.00216684723727 0.0 0.0 0.0 0.0125786163522
5 0.018904 335.622936945 0.00419727177335 0.0 0.0 0.0305810397554 0.0
6 0.018632 423.126663804 0.0 0.0120603015075 0.0862944162437 0.0 0.00858369098712
7 0.018052 464.71992023 0.00748663101604 0.0 0.0256983240223 0.0 0.0308710033076
8 0.019052 440.599202183 0.00204918032787 0.0 0.0113636363636 0.0104821802935 0.00515463917526
9 0.019416 445.829007005 0.00215517241379 0.00502008032129 0.0 0.0 0.0
10 0.018632 649.215543152 0.0 0.0 0.0 0.0326659641728 0.0453172205438
11 0.018696 311.936029097 0.0 0.0 0.0 0.0343781597573 0.0123966942149
12 0.018868 579.575153699 0.017130620985 0.0103734439834 0.0143003064351 0.0 0.0154479917611
13 0.018852 402.497347762 0.0490093847758 0.0 0.0141414141414 0.00320512820513 0.0142566191446
14 0.018576 543.867140396 0.00945378151261 0.024494142705 0.0163098878695 0.0 0.0281214848144
15 0.018608 415.727858985 0.0488069414317 0.0108588351431 0.00113250283126 0.0313513513514 0.0
16 0.019088 290.88285834 0.00393700787402 0.00636267232238 0.0461373390558 0.0 0.0
17 0.019256 302.348151226 0.0 0.0 0.0 0.0 0.0
18 0.01892 371.078224101 0.00328587075575 0.0 0.00098231827112 0.0151187904968 0.0148305084746
19 0.018628 300.488082457 0.0 0.0114464099896 0.0 0.0107991360691 0.0
B 20 0.02 50000 5
0.079708
632.623927335
0 0.02012 627.421073559 0.0216271884655 0.0 0.0 0.0133196721311 0.0
1 0.020008 490.183526589 0.0191532258065 0.0219560878244 0.0 0.0 0.00100502512563
2 0.01996 342.463927856 0.0 0.00207039337474 0.0 0.0 0.000968054211036
3 0.018844 708.082784971 0.0 0.037037037037 0.048828125 0.0369230769231 0.0135699373695
4 0.019312 947.31938691 0.0 0.00100300902708 0.0 0.0133882595263 0.125510204082
5 0.020056 695.012365377 0.000995024875622 0.00301810865191 0.0 0.0 0.0
6 0.019828 381.991930603 0.00200601805416 0.0030737704918 0.0050454086781 0.0 0.0363447559709
7 0.019688 654.435188948 0.0763209393346 0.0 0.025 0.0104712041885 0.0
8 0.019788 665.774610875 0.0 0.00434782608696 0.00603015075377 0.0 0.00966183574879
9 0.019776 556.09263754 0.0658025922233 0.0 0.0 0.0 0.0
10 0.019332 849.887440513 0.0130784708249 0.0339157245632 0.00408163265306 0.0 0.0530530530531
11 0.019476 455.280755802 0.00395647873393 0.019587628866 0.0 0.0164609053498 0.0292338709677
12 0.020192 613.580824089 0.0 0.0 0.0 0.0325203252033 0.0
13 0.019704 618.151238327 0.0 0.0 0.00201207243461 0.0364004044489 0.0262172284644
14 0.01976 473.880161943 0.0 0.0 0.00402414486922 0.0 0.00206398348813
15 0.019612 509.278197022 0.0 0.0524691358025 0.0175077239959 0.0 0.0
16 0.02 329.0454 0.0402684563758 0.0 0.0 0.0 0.0
17 0.019644 437.771126044 0.0 0.00104058272633 0.0110220440882 0.0350877192982 0.00202429149798
18 0.019568 471.952371218 0.0 0.0 0.0151209677419 0.047569803516 0.0
19 0.019672 1011.18035787 0.0 0.0 0.0838383838384 0.0 0.0
B 20 0.021 50000 5
0.083044
694.416839266
0 0.02044 524.067906067 0.0 0.0795559666975 0.0271317829457 0.0183044315992 0.0495867768595
1 0.02054 627.664654333 0.0 0.0245283018868 0.0 0.000984251968504 0.0
2 0.020896 591.181852986 0.0 0.0 0.0 0.0110294117647 0.0120147874307
3 0.020564 828.273876678 0.0 0.0 0.0247770069376 0.0435643564356 0.0046685340803
4 0.020848 1079.52686109 0.0 0.00377002827521 0.0 0.00670498084291 0.0
5 0.02024 870.504743083 0.0277264325323 0.0299401197605 0.0623800383877 0.00665399239544 0.0231213872832
6 0.0211 643.501042654 0.0 0.0 0.0 0.00195694716243 0.000956937799043
7 0.020524 440.62288053 0.0519357884797 0.0 0.0117762512267 0.0 0.00579710144928
8 0.020628 489.036843126 0.0327198364008 0.0 0.000920810313076 0.00392156862745 0.0
9 0.019984 1104.59647718 0.153233830846 0.0 0.000981354268891 0.00278810408922 0.0500472143532
10 0.019444 744.938490023 0.0667311411992 0.0189933523267 0.18637653737 0.0306807286673 0.030303030303
11 0.021072 582.8158694 0.0 0.0 0.0 0.0 0.00191387559809
12 0.020704 689.096020093 0.00730593607306 0.00199401794616 0.0 0.000960614793468 0.115490375802
13 0.020128 499.057631161 0.0118694362018 0.0 0.0 0.0420332355816 0.0279383429672
14 0.020968 672.233498665 0.0 0.00486381322957 0.00184501845018 0.0188857412653 0.0457943925234
15 0.020892 706.380815623 0.0 0.0325123152709 0.0480072463768 0.0358455882353 0.0107430617726
16 0.020644 725.792094555 0.0303921568627 0.0 0.0 0.0 0.0
17 0.020232 797.996045868 0.00505050505051 0.121836925961 0.00667938931298 0.0204479065239 0.0
18 0.020828 503.966775495 0.0 0.0286532951289 0.0 0.00776699029126 0.010101010101
19 0.020456 500.794681267 0.0 0.028880866426 0.0174249757986 0.0272727272727 0.00392156862745
B 20 0.022 50000 5
0.08724
854.234662999
0 0.021932 809.698705088 0.0 0.0 0.0 0.00267857142857 0.0320623916811
1 0.021528 908.210144928 0.100465116279 0.0166975881262 0.0 0.00434027777778 0.0
2 0.021132 695.4158622 0.0 0.0873882820258 0.0 0.0207956600362 0.00735970561178
3 0.021272 829.077096653 0.0803249097473 0.0017825311943 0.0223214285714 0.101382488479 0.0
4 0.021752 776.769032733 0.00380952380952 0.0135623869801 0.0134529147982 0.00935453695042 0.0
5 0.021072 1215.57403189 0.125475285171 0.0129032258065 0.0314136125654 0.0 0.0
6 0.021388 1161.50570413 0.0 0.0 0.0261324041812 0.0128440366972 0.0424746075716
7 0.022344 994.258503401 0.0 0.00362647325476 0.0 0.0 0.0
8 0.02082 919.494332373 0.124206708976 0.00921658986175 0.0169172932331 0.0 0.0926916221034
9 0.022116 884.97883885 0.0 0.0017667844523 0.0254777070064 0.00183486238532 0.00979519145147
10 0.02144 859.280410448 0.0 0.150586113616 0.0026714158504 0.0493482309125 0.0
11 0.021356 1005.05544109 0.0 0.0181297709924 0.0511210762332 0.0551977920883 0.0
12 0.02144 909.757835821 0.0 0.0151228733459 0.0 0.0515653775322 0.0285467128028
13 0.021232 670.364920874 0.0 0.0 0.0888278388278 0.0196445275959 0.0290697674419
14 0.021648 883.009423503 0.0132953466287 0.00454132606721 0.0209854014599 0.0176415970288 0.0
15 0.020824 931.389742605 0.0457142857143 0.0180505415162 0.0 0.0123222748815 0.040404040404
16 0.021224 1015.72672446 0.0174367916303 0.00591133004926 0.0036496350365 0.0 0.0369261477046
17 0.020928 766.668004587 0.0378429517502 0.0600343053173 0.000935453695042 0.081316553727 0.0
18 0.021972 785.518113963 0.0 0.013611615245 0.00556070435589 0.0 0.00181983621474
19 0.020888 952.04002298 0.0 0.0 0.22901459854 0.0155979202773 0.047619047619
B 20 0.023 50000 5
0.0904
1075.47455752
0 0.021736 927.21659919 0.0131810193322 0.071615720524 0.0749330954505 0.00555041628122 0.0
1 0.022268 728.09753907 0.0179180887372 0.00093370681606 0.043321299639 0.0123558484349 0.0162895927602
2 0.023044 806.107446624 0.00856164383562 0.0 0.0025041736227 0.0470085470085 0.0488431876607
3 0.022456 899.575703598 0.0114537444934 0.000893655049151 0.0 0.00626118067979 0.0616666666667
4 0.022464 1135.06160969 0.0115452930728 0.0 0.0 0.053354890865 0.0427715996578
5 0.02246 893.257524488 0.0 0.0 0.0 0.0232974910394 0.00260869565217
6 0.02304 977.730381944 0.0458633093525 0.0 0.0 0.0 0.0481540930979
7 0.021988 734.413498272 0.0152466367713 0.0799670239077 0.0720411663808 0.0855431993157 0.00352112676056
8 0.02216 1066.2765343 0.0269799825936 0.138420585626 0.000842459983151 0.0189189189189 0.0
9 0.02222 1466.57731773 0.0374665477252 0.00175131348511 0.0859929078014 0.0493827160494 0.000814332247557
10 0.022524 917.092345942 0.00182315405652 0.00164609053498 0.00354295837024 0.0 0.00673076923077
11 0.02184 852.830952381 0.0144927536232 0.0909090909091 0.0 0.0309187279152 0.0361233480176
12 0.023244 1512.46222681 0.000862068965517 0.0 0.0144557823129 0.0 0.000862068965517
13 0.02302 1215.88879235 0.00496277915633 0.0052310374891 0.0 0.0 0.00087489063867
14 0.02174 1142.59595216 0.013357079252 0.0787610619469 0.00874125874126 0.0 0.104529616725
15 0.021512 2420.85384901 0.0827205882353 0.0 0.0671316477768 0.00361010830325 0.0540069686411
16 0.022592 1514.08569405 0.0327022375215 0.0 0.045574057844 0.00181323662738 0.0
17 0.022608 661.257077141 0.0108401084011 0.000863557858377 0.000848896434635 0.0113141862489 0.0389036251105
18 0.02182 1092.56168653 0.00878734622144 0.0418521816563 0.0429922613929 0.179421768707 0.0200501253133
19 0.02284 1055.07408056 0.0 0.00446428571429 0.0440795159896 0.0 0.0
B 20 0.024 50000 5
0.094212
1127.85263024
0 0.02326 1332.44127257 0.0174273858921 0.0174854288093 0.006628003314 0.0103004291845 0.0384951881015
1 0.023656 981.203415624 0.000839630562552 0.00350262697023 0.0124481327801 0.00741350906096 0.0140728476821
2 0.023592 932.599186165 0.0 0.0283097418818 0.0500863557858 0.00648824006488 0.0
3 0.023392 1172.22349521 0.014693877551 0.015625 0.0 0.0768588137009 0.0372129849565
4 0.023332 1001.25287159 0.000832639467111 0.00968523002421 0.0337171052632 0.0902591599643 0.00655200655201
5 0.023092 1003.86090421 0.0 0.0330912025827 0.0 0.0296359017782 0.172297297297
6 0.022776 1004.52915349 0.105777777778 0.0458265139116 0.0 0.00173310225303 0.000842459983151
7 0.02382 992.253736356 0.00966183574879 0.00850340136054 0.0 0.039869812856 0.0895638629283
8 0.022896 1070.2905311 0.00173010380623 0.0159798149706 0.0783333333333 0.0314358538658 0.0556464811784
9 0.02272 1020.41267606 0.0016849199663 0.0730897009967 0.0520034100597 0.0662544169611 0.00819672131148
10 0.022956 1187.7302666 0.0825763831544 0.0 0.0417710944027 0.0234817813765 0.040395713108
11 0.023512 1502.28308949 0.0459183673469 0.00259965337955 0.0313014827018 0.0256622516556 0.0
12 0.023704 1263.42170098 0.00255319148936 0.0 0.00408830744072 0.016694490818 0.0323651452282
13 0.023732 1709.74835665 0.0359531772575 0.0643033800495 0.0 0.00164609053498 0.0
14 0.02304 1206.06996528 0.0 0.0 0.00511945392491 0.0166812993854 0.00172117039587
15 0.023728 981.779838166 0.000861326442722 0.0263367916999 0.0294117647059 0.000821018062397 0.00337837837838
16 0.024228 1674.27323758 0.0613893376414 0.0452380952381 0.0 0.00158102766798 0.000821692686935
17 0.023592 973.571549678 0.0 0.0302245250432 0.00510638297872 0.000842459983151 0.0
18 0.023696 1001.263842 0.0 0.0 0.00612423447069 0.000812347684809 0.0280991735537
19 0.023184 1015.95272602 0.083185840708 0.00168634064081 0.00704776820673 0.0714285714286 0.00418410041841
B 20 0.025 50000 5
0.097148
1279.62206118
0 0.02448 1214.83382353 0.0208012326656 0.0 0.0193392425463 0.0303514376997 0.0
1 0.02366 1493.74032122 0.0305220883534 0.0 0.0 0.0761589403974 0.0686767169179
2 0.02266 735.844483672 0.147865853659 0.0370656370656 0.0459272097054 0.0328407224959 0.205447470817
3 0.025072 1410.04275686 0.0104250200481 0.0107794361526 0.0125293657009 0.0155642023346 0.0
4 0.02408 1081.50332226 0.0 0.0529747351263 0.207066557108 0.0190615835777 0.00933852140078
5 0.024416 1129.53260157 0.0 0.0 0.0 0.0547833197056 0.0371267150928
6 0.0244 1274.69229508 0.0116472545757 0.00572363041701 0.0 0.0968218773097 0.0361155698234
7 0.023536 1293.76682529 0.00841622035195 0.0935808197989 0.117548278757 0.12109375 0.0
8 0.024576 1265.70377604 0.0 0.0140955364135 0.113725490196 0.00316455696203 0.0
9 0.0232 1242.95224138 0.000827129859388 0.0941271118262 0.00157977883096 0.0227088402271 0.2024
10 0.024136 1353.43669208 0.0255144032922 0.0205592105263 0.00718276137271 0.0667739340306 0.00317712470214
11 0.023996 1119.93782297 0.0261096605744 0.0105008077544 0.0 0.0 0.0229612034838
12 0.024756 884.917595734 0.0304975922953 0.00391542678152 0.0 0.00166389351082 0.0191717791411
13 0.023916 1528.796287 0.0316558441558 0.0 0.130539887188 0.00158227848101 0.0
14 0.024104 1568.72884169 0.0547263681592 0.000826446280992 0.0265832681783 0.00559552358114 0.0533864541833
15 0.024108 1309.08544881 0.00697674418605 0.110569105691 0.0166402535658 0.0 0.0326594090202
16 0.024124 1358.35201459 0.0394632991318 0.0384307445957 0.0257234726688 0.0626029654036 0.00158102766798
17 0.02468 1369.7923825 0.0 0.0286852589641 0.0 0.00650406504065 0.00161030595813
18 0.024228 1015.60970778 0.0183639398998 0.0 0.0 0.0230158730159 0.0
19 0.024752 1054.30316742 0.0 0.0735863671572 0.0126883425852 0.0 0.0438184663537
B 20 0.026 50000 5
0.102092
1476.16561533
0 0.024552 1089.65037471 0.0215482841181 0.0 0.0987748851455 0.0 0.0242130750605
1 0.025368 1390.80195522 0.0368 0.00999231360492 0.0 0.0361538461538 0.00736919675755
2 0.024516 1692.24979605 0.0 0.0688872066616 0.0238663484487 0.0648734177215 0.0499243570348
3 0.02506 1904.9027933 0.168048229088 0.027736131934 0.012315270936 0.0 0.0286738351254
4 0.025876 2346.17576132 0.0 0.0631825273011 0.0393175074184 0.00545171339564 0.00662251655629
5 0.024908 1458.36405974 0.177672955975 0.0 0.0105342362679 0.0267175572519 0.00393081761006
6 0.025096 1559.16703857 0.0312012480499 0.0 0.0307570977918 0.0123839009288 0.0286156225831
7 0.025724 1421.54486083 0.00894187779434 0.0381558028617 0.0100076982294 0.0 0.0112275449102
8 0.024324 1291.41950337 0.0704012112036 0.103315343099 0.0309769658459 0.0620094191523 0.0693430656934
9 0.025768 1429.28158957 0.0256012412723 0.0067264573991 0.0130869899923 0.0432835820896 0.0285499624343
10 0.025068 1266.32487634 0.0115118956255 0.0 0.0440494590417 0.0607692307692 0.0164964650432
11 0.02542 2227.24154209 0.0100697134005 0.0 0.00935251798561 0.00471327572663 0.0655487804878
12 0.02472 1821.46003236 0.0 0.0939597315436 0.136186770428 0.054586808188 0.00384319754035
13 0.024824 1893.22478247 0.0369206598586 0.0935628742515 0.0279245283019 0.0 0.062449959968
14 0.025316 925.63390741 0.0130068859985 0.0499219968799 0.0121580547112 0.0 0.0233281493002
15 0.025728 1396.07198383 0.0125885129819 0.000765110941086 0.0139968895801 0.0608308605341 0.0103626943005
16 0.024844 1686.01320238 0.0953947368421 0.00158982511924 0.00153964588145 0.0255615801704 0.0181268882175
17 0.02454 1147.8995925 0.0354716981132 0.0734463276836 0.0389817024662 0.0152788388083 0.0319488817891
18 0.024652 1895.39558656 0.0 0.0622047244094 0.0787696924231 0.0648734177215 0.00788022064618
19 0.025316 1509.78701217 0.0 0.0152671755725 0.0649960845732 0.0453846153846 0.0122982321291
B 20 0.027 50000 5
0.104668
1598.52394237
0 0.02652 2211.01342383 0.0188536953243 0.0326747720365 0.00579290369298 0.00578871201158 0.0683274021352
1 0.02592 1722.56188272 0.0114329268293 0.0336906584992 0.00232198142415 0.0600890207715 0.000732064421669
2 0.025912 1810.60111145 0.0413416536661 0.0298398835517 0.0306983883346 0.00227272727273 0.0074294205052
3 0.025976 2013.28272251 0.0280172413793 0.0823970037453 0.00444115470022 0.0256975036711 0.116477272727
4 0.025504 1878.39632999 0.0 0.0 0.172563176895 0.0348484848485 0.0680819912152
5 0.025148 1538.12295212 0.100529100529 0.00661764705882 0.172989377845 0.000719942404608 0.0473328324568
6 0.026088 1985.11959522 0.0346646571213 0.0671480144404 0.0 0.0157776108189 0.000740740740741
7 0.02684 1783.66974665 0.0 0.0123367198839 0.0 0.0214655810511 0.00671641791045
8 0.024952 1271.97403014 0.072298325723 0.0774962742176 0.0140428677014 0.0753690753691 0.0330769230769
9 0.025604 1400.95188252 0.102339181287 0.0531107738998 0.00738007380074 0.0182926829268 0.0624092888244
10 0.026252 1229.76245619 0.00372023809524 0.000729927007299 0.057268722467 0.0576247364722 0.0786516853933
11 0.026188 1337.14052238 0.0 0.0120754716981 0.0324324324324 0.00367917586461 0.0458365164248
12 0.02692 1198.03387816 0.0030888030888 0.0162361623616 0.0 0.0 0.00566973777463
13 0.025452 1329.62391953 0.0774240231548 0.049883086516 0.0159817351598 0.0887885628292 0.0263908701854
14 0.026556 1508.98523874 0.00424028268551 0.0281791907514 0.0235714285714 0.0263929618768 0.121122599705
15 0.026284 1842.87794856 0.00869565217391 0.0404889228419 0.00376222723853 0.0616740088106 0.0
16 0.025828 1857.90521914 0.0911831198191 0.0648882480173 0.00712758374911 0.0242057488654 0.0521998508576
17 0.025736 1348.67531862 0.0194319880419 0.013698630137 0.0959324635457 0.00683371298405 0.038737446198
18 0.025968 1373.88755391 0.0695587135378 0.0297316896302 0.00819672131148 0.108777194299 0.00215208034433
19 0.02594 1860.22806476 0.0 0.00155884645362 0.0941346850109 0.0660091047041 0.0101966496723
B 20 0.028 50000 5
0.10796
1618.66265283
0 0.026916 1730.14103136 0.0516399162596 0.0183346065699 0.011611030479 0.0255319148936 0.0301941049605
1 0.025416 1848.52801385 0.000691562932227 0.114527286703 0.00524344569288 0.128499641062 0.139518413598
2 0.02708 1549.36720827 0.00144613159798 0.0798858773181 0.0442477876106 0.00494699646643 0.0
3 0.027188 2066.44652052 0.0293486041518 0.0666666666667 0.005710206995 0.0132352941176 0.0515050167224
4 0.02674 1614.03964099 0.05499276411 0.00921985815603 0.0589928057554 0.0147783251232 0.0421052631579
5 0.02584 1636.0379257 0.162027123483 0.0 0.03286034354 0.0 0.124732715609
6 0.027084 2388.58307488 0.0856720827179 0.0036443148688 0.0 0.0 0.0153284671533
7 0.026536 1952.21932469 0.00742240215924 0.0150645624103 0.0674981658107 0.0226468506723 0.195759717314
8 0.027036 1361.38200917 0.0217717717718 0.0548823948681 0.0139958012596 0.0 0.000762776506484
9 0.026824 1361.11392783 0.00908402725208 0.0969316596932 0.0747206703911 0.0 0.0027972027972
10 0.026556 1247.94321434 0.00738552437223 0.137108792846 0.002828854314 0.0371720116618 0.00846262341326
11 0.026216 1936.44430882 0.0415430267062 0.0 0.207783182766 0.0 0.00278164116829
12 0.026636 1373.48670972 0.103092783505 0.00421644413212 0.0590302178496 0.0470756062767 0.0405405405405
13 0.027596 1727.36440064 0.0519480519481 0.0497896213184 0.0438533429188 0.0447653429603 0.0026525198939
14 0.026056 2243.98664415 0.0887096774194 0.0020646937371 0.108952116586 0.200540175557 0.00587803085966
15 0.026136 1902.19635751 0.0759219088937 0.0119465917077 0.0139398385913 0.0119760479042 0.157670454545
16 0.027696 1913.03581745 0.000701754385965 0.00351864883885 0.0123188405797 0.0524048815506 0.000713266761769
17 0.027924 1865.36799885 0.0133630289532 0.000682128240109 0.0288123682361 0.0371900826446 0.0133239831697
18 0.027464 2851.75764637 0.0258019525802 0.0 0.0126671358198 0.0896601590745 0.0344827586207
19 0.027168 2560.51354535 0.00142551674982 0.0570809248555 0.00967982129561 0.00669144981413 0.0132036136206
B 20 0.029 50000 5
0.111476
2075.15651799
0 0.028404 2123.80904098 0.0 0.00826446280992 0.00421348314607 0.00212314225053 0.0382775119617
1 0.026944 1645.22832542 0.0549374130737 0.105263157895 0.0 0.0380761523046 0.192771084337
2 0.0279 1696.88229391 0.0836189170665 0.00411240575737 0.0267417311752 0.015331010453 0.00287150035894
3 0.028288 1883.15370475 0.133559322034 0.00480109739369 0.0013633265167 0.00068306010929 0.00281888653982
4 0.02724 2060.28399413 0.0673143650243 0.00211565585331 0.13511659808 0.0417236662107 0.074616922052
5 0.028944 2082.95149254 0.0287081339713 0.0250990752972 0.0 0.00139470013947 0.0
6 0.028208 1525.5948667 0.0067842605156 0.0 0.00606469002695 0.129770992366 0.000690607734807
7 0.028208 1793.9319342 0.00198938992042 0.0517844646606 0.0810234541578 0.000690131124914 0.0485245901639
8 0.025792 2284.49689826 0.0299145299145 0.0660377358491 0.28328611898 0.000712250712251 0.119863013699
9 0.027964 1667.71792304 0.0212038303694 0.0 0.0 0.120357634113 0.0164271047228
10 0.027544 2245.06505954 0.0461876832845 0.00580973129993 0.0 0.0351481736733 0.00139664804469
11 0.026392 1764.0759321 0.00140449438202 0.157967988866 0.0479405806887 0.108742004264 0.0939457202505
12 0.027668 2057.42764204 0.0299319727891 0.00415512465374 0.0852878464819 0.0419874037789 0.0358868184955
13 0.02716 2284.35537555 0.0519480519481 0.0523708421798 0.0804438280166 0.0519390581717 0.0
14 0.027176 2420.5741831 0.131034482759 0.0902777777778 0.00287356321839 0.097972972973 0.0105471324984
15 0.027496 1996.22330521 0.00213980028531 0.10780141844 0.0386740331492 0.00139082058414 0.0671591672263
16 0.026636 2020.38053762 0.0925432756325 0.0580997949419 0.206447187929 0.028839704896 0.0614724803431
17 0.027556 1807.38786471 0.0128113879004 0.0331720801659 0.0845737483085 0.0889355742297 0.0162932790224
18 0.028552 1395.5 0.00137268359643 0.0027045300879 0.00425230333097 0.00141843971631 0.0
19 0.028476 1355.39148757 0.00501792114695 0.0113636363636 0.0 0.0020366598778 0.0980132450331
B 20 0.03 50000 5
0.114748
2298.08920417
0 0.02818 1978.23818311 0.0503644797879 0.0 0.0618915159944 0.0123034859877 0.137515842839
1 0.027756 2454.91064995 0.0528350515464 0.21014964216 0.0849184782609 0.0362659503022 0.0422626788036
2 0.029044 2109.49194326 0.00268096514745 0.036476256022 0.0334645669291 0.014854827819 0.0630689206762
3 0.029004 2012.67494139 0.0592383638928 0.0 0.00935203740815 0.00194426441996 0.0408847184987
4 0.027532 2240.1261078 0.0153129161119 0.016835016835 0.258449304175 0.0176870748299 0.0817819148936
5 0.027848 1783.26817007 0.142284569138 0.0167480809491 0.107641196013 0.0345762711864 0.00397877984085
6 0.027296 1855.81037515 0.131736526946 0.00195822454308 0.0782967032967 0.0775244299674 0.179213857428
7 0.028112 1925.3056346 0.0174146014735 0.0658327847268 0.0232717316906 0.117476432197 0.0428115015974
8 0.03016 2034.28156499 0.0 0.00658327847268 0.00900900900901 0.000666222518321 0.00262467191601
9 0.029024 1678.02935502 0.00280112044818 0.0143603133159 0.00132625994695 0.0804054054054 0.0142276422764
10 0.028356 2072.67809282 0.115849324805 0.0364820846906 0.122783978989 0.0 0.0109819121447
11 0.028332 1392.28109558 0.0361035422343 0.0800533689126 0.06640625 0.0327868852459 0.0722114764668
12 0.028036 2086.83278642 0.0098944591029 0.0992720052945 0.0176510522743 0.0799180327869 0.108108108108
13 0.029132 3730.84374571 0.00414078674948 0.109179415855 0.0173857050869 0.0 0.0204485488127
14 0.027996 1678.55722246 0.0661478599222 0.0730411686587 0.0222521915037 0.134196185286 0.0203804347826
15 0.028212 1830.63561605 0.047619047619 0.0 0.0181086519115 0.0449285228046 0.0444900752909
16 0.028904 2793.99640188 0.0230040595399 0.00273597811218 0.000668449197861 0.0676490288011 0.0368632707775
17 0.029304 2646.94812995 0.0952994204765 0.013201320132 0.0660938532716 0.000663129973475 0.0
18 0.028244 2111.73119955 0.0175557056043 0.0252590673575 0.0565517241379 0.152380952381 0.0457337883959
19 0.028524 2280.52348899 0.020658489348 0.0309764309764 0.0256045519203 0.0735099337748 0.0383036935705
B 20 0.031 50000 5
0.118932
2267.82440386
0 0.029808 2115.14613527 0.0110461338532 0.0439844760673 0.0036855036855 0.14588688946 0.0215123859192
1 0.029012 2835.93644009 0.0442996742671 0.0 0.0262123197903 0.18141025641 0.00515463917526
2 0.029632 2263.46571274 0.0324464633355 0.0724358974359 0.0970384373031 0.0241514360313 0.00580270793037
3 0.029136 2639.69975288 0.0962041884817 0.0380078636959 0.0948332243296 0.0111111111111 0.00259403372244
4 0.029348 1748.94957067 0.0 0.0910865322056 0.0617529880478 0.000650195058518 0.00264200792602
5 0.030088 2221.74222281 0.046511627907 0.00949367088608 0.0910769230769 0.043673731535 0.0465701699182
6 0.030376 2354.51474849 0.00691389063482 0.0053547523427 0.0 0.00275671950379 0.0263496143959
7 0.028628 2033.23780914 0.0880999342538 0.0831234256927 0.0 0.11776187378 0.0707850707851
8 0.02888 1718.90955679 0.0192307692308 0.00886637112096 0.0597402597403 0.15 0.164683782091
9 0.029028 1492.48697809 0.0238726790451 0.146496815287 0.00568900126422 0.000628140703518 0.193832599119
10 0.028972 2357.76777578 0.0060281312793 0.0506493506494 0.0590969455511 0.0297349709114 0.0909690177983
11 0.03 1946.89173333 0.0289473684211 0.0498007968127 0.0333555703803 0.0239445494644 0.0
12 0.029836 2948.37766457 0.0265486725664 0.0 0.0012836970475 0.0743155149935 0.0798212005109
13 0.02956 1520.27848444 0.0446487196323 0.0503311258278 0.00663570006636 0.0 0.0488578680203
14 0.029172 2403.41368435 0.0984752223634 0.0412371134021 0.0205706702057 0.0443121693122 0.0803515379787
15 0.028776 2343.68876842 0.0283505154639 0.0779392338177 0.112609575185 0.00460829493088 0.0681963033779
16 0.030904 1830.04128915 0.0166987797046 0.0 0.0211838006231 0.00870147255689 0.0249360613811
17 0.029464 2736.92044529 0.0936708860759 0.0 0.135802469136 0.035761589404 0.0
18 0.028856 1954.39963959 0.171052631579 0.0909090909091 0.0288335517693 0.010498687664 0.00787918581747
19 0.029844 2689.63945852 0.0102761721259 0.0461538461538 0.0223880597015 0.0457179652286 0.0113278791693
B 20 0.032 50000 5
0.122168
2668.58794447
0 0.030788 2052.03923607 0.0560141509434 0.106885245902 0.0 0.0331872260488 0.0516516516517
1 0.030372 1718.16238641 0.180379746835 0.00740283775447 0.0692354003612 0.033950617284 0.0623885918004
2 0.030604 1945.42177493 0.0141104294479 0.0652985074627 0.0391661402401 0.0798742138365 0.0164245104232
3 0.031616 2416.28795547 0.00496585971446 0.0331043098064 0.00374298190892 0.0408163265306 0.0
4 0.027528 2723.90773031 0.162426614481 0.0829113924051 0.0124345549738 0.278271918679 0.0346598202824
5 0.031912 2026.34206568 0.0 0.00497822028625 0.0246839253462 0.00562148657089 0.0408038976857
6 0.028988 2444.95308403 0.186813186813 0.0861423220974 0.106189320388 0.0262993112085 0.0793357933579
7 0.030708 2102.04077113 0.0382205513784 0.0538226299694 0.0283775447255 0.0 0.15216068168
8 0.030656 3290.30649791 0.0183936235438 0.0147783251232 0.0809102402023 0.0609993510707 0.0206896551724
9 0.02942 2975.85152957 0.0732950924156 0.111041009464 0.0177777777778 0.158944658945 0.0018281535649
10 0.029892 2435.75940051 0.0730263157895 0.0 0.0723684210526 0.029520295203 0.0830788026878
11 0.029656 2199.17952522 0.0119474313023 0.147936507937 0.0816326530612 0.139297124601 0.0198317307692
12 0.028964 2281.58873084 0.148622677771 0.0351097178683 0.129161118509 0.00762388818297 0.032195750161
13 0.028764 2390.58656654 0.104993597951 0.0401554404145 0.0602110490379 0.0655216284987 0.175667287399
14 0.030144 2119.91799363 0.0 0.0195337114052 0.100687929956 0.0 0.0487162606978
15 0.030932 2470.70321997 0.0856055802156 0.0389447236181 0.00817610062893 0.000628535512256 0.00685358255452
16 0.030736 2605.34252993 0.068167604753 0.0567419158023 0.0548780487805 0.0423472474289 0.053716427233
17 0.031612 2715.88763761 0.0018927444795 0.0018927444795 0.0148606811146 0.00380228136882 0.00126742712294
18 0.029704 2861.73525451 0.0223048327138 0.0274828232355 0.0822991508818 0.143119266055 0.0764925373134
19 0.03046 2938.87380171 0.00998668442077 0.00648088139987 0.0 0.0 0.0837988826816
B 20 0.033 50000 5
0.124836
2458.96116505
0 0.031936 2115.59068136 0.00777977259126 0.0854449027696 0.062962962963 0.0099564405725 0.0
1 0.0326 2042.24196319 0.0 0.0116136919315 0.0 0.00745804847732 0.0161386730424
2 0.030732 2503.99713654 0.0321601941748 0.0332125603865 0.105952380952 0.248322147651 0.000570125427594
3 0.031736 2624.06049912 0.0156910078455 0.00496585971446 0.0824108241082 0.0823095823096 0.0277935337493
4 0.032056 2069.94334914 0.0281862745098 0.035119047619 0.0792199878123 0.0439306358382 0.00785498489426
5 0.030996 2068.15227771 0.0394265232975 0.0786377708978 0.00717274357442 0.0048632218845 0.144030322173
6 0.030192 2850.86433492 0.0627283800244 0.0634422110553 0.0183710961421 0.128658536585 0.0961070559611
7 0.031456 2551.4664293 0.0117719950434 0.0571095571096 0.074644549763 0.0095785440613 0.0915534554046
8 0.031604 2132.20326541 0.0524044389642 0.0237648530331 0.0864406779661 0.0606606606607 0.0
9 0.030764 2282.00221038 0.0678175092478 0.000601322910403 0.011356466877 0.221271393643 0.0
10 0.031256 2377.87739954 0.146400483969 0.0191044776119 0.00858369098712 0.0182567726737 0.0928088506454
11 0.031508 2613.87469849 0.0670982931136 0.0762070971495 0.0960809102402 0.0358422939068 0.0241034685479
12 0.030816 2353.08852544 0.0 0.00426309378806 0.0500951173114 0.0569007263923 0.118562874251
13 0.02834 3086.22808751 0.127261761158 0.207932692308 0.148079306072 0.0914747977598 0.112372982666
14 0.031092 2346.06574038 0.0570552147239 0.0406865861411 0.0333333333333 0.0453153704838 0.0374064837905
15 0.031752 1638.97568657 0.000620347394541 0.00485436893204 0.0535605599513 0.0739608801956 0.0369267421084
16 0.030296 2593.53815685 0.0100235849057 0.0645363408521 0.152375077113 0.00373134328358 0.128361858191
17 0.031736 3188.48134611 0.0235507246377 0.0283732660782 0.0304506699147 0.00914634146341 0.0845566647093
18 0.031416 2057.06951872 0.0693069306931 0.0229102167183 0.0 0.0214285714286 0.0951503990178
19 0.02748 3268.93508006 0.214463840399 0.146400483969 0.108763206961 0.161448741559 0.141190914672
B 20 0.034 50000 5
0.127948
2732.65914278
0 0.030104 2608.29497741 0.103590347263 0.13462635482 0.248651887358 0.0205562273277 0.0778032036613
1 0.031548 3426.58120959 0.0988882387361 0.0505415162455 0.140914709518 0.0189764232317 0.0193434935522
2 0.032584 3519.97078321 0.0165289256198 0.0189718482252 0.00683371298405 0.118644067797 0.00178571428571
3 0.03074 2590.01808718 0.091163310962 0.0 0.213381555154 0.00460299194476 0.203947368421
4 0.031344 2588.86715161 0.136897767333 0.0943620178042 0.0446320868516 0.0182370820669 0.05141536684
5 0.031588 2164.70596429 0.0924471299094 0.0267538644471 0.0444184687317 0.0683156654888 0.0832837596669
6 0.032212 2827.07848007 0.0130952380952 0.00557966522009 0.0441696113074 0.101704879483 0.0492753623188
7 0.031672 3230.22505683 0.0 0.0234055002926 0.0585748792271 0.0988816951148 0.117927337701
8 0.031516 2250.13656555 0.128735632184 0.0690690690691 0.0446635730858 0.0381231671554 0.140281690141
9 0.03154 2488.90374128 0.0383647798742 0.00548780487805 0.00371977681339 0.0802469135802 0.0462800234329
10 0.033636 2741.87727435 0.0880239520958 0.0 0.0392376681614 0.00513698630137 0.000590318772137
11 0.032688 3591.90614293 0.104064039409 0.0307424593968 0.000592417061611 0.00238095238095 0.0254777070064
12 0.031576 2154.09146187 0.0462427745665 0.098177542622 0.156598240469 0.0629041740153 0.0249854735619
13 0.03166 2164.93329122 0.0230024213075 0.289107763615 0.0284552845528 0.0347624565469 0.0164399092971
14 0.0329 2357.45920973 0.0049109883364 0.030159668835 0.00175438596491 0.0255344418052 0.0454813939752
15 0.0317 3308.98864353 0.00178890876565 0.0755848830234 0.00876168224299 0.0404480398258 0.142773892774
16 0.03176 3270.47078086 0.104956268222 0.0585846867749 0.0329605650383 0.06598062954 0.0611764705882
17 0.031452 3341.59277629 0.0605002908668 0.112977983778 0.131982811541 0.0 0.051724137931
18 0.031716 2491.2886871 0.15420023015 0.0526315789474 0.00469483568075 0.105796285875 0.118254879449
19 0.030884 3052.30604844 0.0582639714625 0.0680115273775 0.185632183908 0.161915621437 0.0120992135511
B 20 0.035 50000 5
0.130784
2967.50308906
0 0.031352 2577.54006124 0.105355064028 0.0395578824898 0.101339545719 0.195737521032 0.0307068366165
1 0.033056 2716.22301549 0.181716833891 0.0658978583196 0.0 0.00114416475973 0.040973871734
2 0.03204 2784.78838951 0.0443293033967 0.00483675937122 0.120159453303 0.106308411215 0.0445747800587
3 0.034304 3679.90601679 0.0217998882057 0.119386014781 0.00171919770774 0.0169875424689 0.00881542699725
4 0.032308 2991.48693822 0.111482720178 0.00177830468287 0.0663562281723 0.0412135088724 0.126436781609
5 0.033312 3606.7598463 0.0784427658338 0.0215786484952 0.0471323111868 0.122529644269 0.0175920835624
6 0.032564 3004.84866724 0.0105386416862 0.0 0.133333333333 0.124854819977 0.0416666666667
7 0.032544 2432.8236234 0.128336172629 0.00228571428571 0.0345025876941 0.140208574739 0.0462232243517
8 0.032432 2636.04563394 0.00815850815851 0.157641395909 0.058452722063 0.0566461020752 0.0192532088681
9 0.0326 2697.31251534 0.0486111111111 0.0115340253749 0.106172839506 0.0773109243697 0.0196418255344
10 0.028852 2484.49729655 0.0899321266968 0.26900921659 0.239775910364 0.06 0.242174629325
11 0.03206 3174.0613849 0.0234798314269 0.0402010050251 0.0360824742268 0.0926365795724 0.166856492027
12 0.032444 2586.49451362 0.0871700429711 0.0536240424278 0.0141509433962 0.00521134916039 0.105494505495
13 0.034468 2659.80004642 0.0508862206975 0.00727883538634 0.0132377275234 0.00579374275782 0.0328341013825
14 0.033656 2377.54171619 0.059943977591 0.178277564454 0.0 0.0 0.00113700966458
15 0.032844 3087.3036171 0.128306133934 0.0375505488157 0.0476744186047 0.00221116639027 0.156894679696
16 0.033316 3293.78844999 0.0 0.0170889805539 0.0692615912994 0.00349446709377 0.0768799102132
17 0.032052 2875.46100087 0.0637799882972 0.100568181818 0.0290432801822 0.031340684852 0.152009318579
18 0.032908 3512.74693084 0.046803652968 0.0633259911894 0.0 0.183425414365 0.0873949579832
19 0.032064 2048.5377994 0.0649859943978 0.179234338747 0.0514285714286 0.0828437132785 0.00754060324826
B 20 0.036 50000 5
0.132012
3174.88679817
0 0.032688 4265.79454234 0.141266119578 0.114142538976 0.0152714932127 0.0426247896803 0.0954446854664
1 0.033376 2037.47746884 0.129175946548 0.0443433769187 0.0154525386313 0.0271186440678 0.129508196721
2 0.03118 3184.1157152 0.0 0.406182212581 0.105637657362 0.088285229202 0.0861690450055
3 0.0331 3721.23564955 0.224089635854 0.172043010753 0.0115194733955 0.03170189099 0.00275938189845
4 0.032196 4572.50900733 0.0601001669449 0.000557413600892 0.223922902494 0.188189845475 0.0490088105727
5 0.034788 3198.94135909 0.0209339774557 0.00382722799344 0.0847658565501 0.00162954915807 0.054926387316
6 0.033632 2575.41270219 0.015756893641 0.0128133704735 0.105726872247 0.116554054054 0.0614958448753
7 0.033992 2945.39785832 0.0100558659218 0.0109007458405 0.0152284263959 0.166484716157 0.0421052631579
8 0.032892 3169.76067129 0.0 0.117237687366 0.0984427141268 0.0131428571429 0.228711790393
9 0.034104 3176.43525686 0.047857540345 0.0681063122924 0.0930747922438 0.0126801152738 0.0094496942746
10 0.03152 2321.23248731 0.0327868852459 0.12896053363 0.0783874580067 0.179197286603 0.218918918919
11 0.031168 2766.99717659 0.0615471485037 0.254813137033 0.0188784008884 0.329255319149 0.0444087747459
12 0.03482 3411.09201608 0.100611450806 0.016694490818 0.000550055005501 0.0241573033708 0.05359056806
13 0.033576 2026.98510841 0.0307861462342 0.0 0.225718936517 0.0395322939866 0.0549450549451
14 0.031712 2800.25731584 0.0737797956867 0.113812154696 0.291262135922 0.029197080292 0.0517621145374
15 0.032216 2257.06009436 0.0888511601585 0.0 0.102353585112 0.0394144144144 0.235767682576
16 0.033328 2854.42642823 0.0150899593732 0.112823335168 0.0875211744777 0.074959261271 0.0443073471677
17 0.031432 2004.02214304 0.201778765981 0.0701559020045 0.0106145251397 0.286440677966 0.0233086981239
18 0.0338 3690.29715976 0.00806451612903 0.0519174041298 0.00909090909091 0.0 0.129720853859
19 0.032672 3588.58521058 0.195067264574 0.00849858356941 0.0618784530387 0.00495321959274 0.172181716209
B 20 0.037 50000 5
0.135792
3292.54006127
0 0.03446 3768.0412072 0.0441008018328 0.195870831128 0.0067264573991 0.0140237324703 0.0016393442623
1 0.031768 4491.61357341 0.15556768559 0.0854978354978 0.170068027211 0.263850795392 0.0284308365227
2 0.033804 4521.38610815 0.163288288288 0.121448467967 0.0 0.000535045478866 0.088122605364
3 0.031608 2920.60807391 0.266115702479 0.00601421541826 0.165948275862 0.0228633641807 0.248132337247
4 0.033028 3511.49715393 0.0747094631987 0.00699677072121 0.110169491525 0.118559556787 0.195949644226
5 0.036424 3269.50593016 0.0222104706504 0.0 0.0127388535032 0.03951701427 0.0623655913978
6 0.033232 3092.80488686 0.0447842708902 0.00755939524838 0.0641447368421 0.00924415443176 0.358449946179
7 0.034724 2185.44649234 0.0733371233655 0.0915068493151 0.0551839464883 0.0530054644809 0.00354969574037
8 0.03286 3361.16859404 0.231016042781 0.169381107492 0.11105092091 0.0102591792657 0.0284931506849
9 0.034544 3456.78427513 0.0859459459459 0.086820083682 0.0638754696726 0.05830094392 0.0867082035306
10 0.034148 3905.77298817 0.0852754237288 0.167731629393 0.0358111774281 0.069703622393 0.0431266846361
11 0.032124 3703.70925165 0.176563321072 0.0300166759311 0.200454287337 0.0737967914439 0.175026123302
12 0.034784 2901.29082337 0.115405552531 0.00326619488296 0.00995024875622 0.0311457174638 0.0896
13 0.034896 2662.73028427 0.00641368252272 0.0438496583144 0.0407488986784 0.117805271651 0.0216919739696
14 0.032948 2447.20711424 0.0172018348624 0.0851893095768 0.114207650273 0.192660550459 0.0681818181818
15 0.033752 3056.28264992 0.010144153764 0.0172043010753 0.196004319654 0.0634328358209 0.17032967033
16 0.034128 2070.19913268 0.0439978272678 0.208127402526 0.00276701715551 0.0529475982533 0.0218221494817
17 0.03382 3869.39349497 0.0470524607896 0.214876033058 0.0384 0.0960334029228 0.0586637696904
18 0.03486 2937.93459552 0.0699039487727 0.114255205553 0.111408677022 0.0552845528455 0.0
19 0.034036 3146.93218945 0.0542763157895 0.0536692223439 0.0690200210748 0.190373174689 0.014301430143
B 20 0.038 50000 5
0.139544
3438.68027289
0 0.033556 4898.73822863 0.0560852495794 0.0758547008547 0.00379198266522 0.083686440678 0.26335078534
1 0.031864 4830.44840572 0.0269857433809 0.152435830278 0.131564400221 0.436830835118 0.0507587650445
2 0.03526 2999.14157686 0.0518439337253 0.0982191041554 0.205284552846 0.00313971742543 0.0175710594315
3 0.034188 3965.46355446 0.0155246252677 0.186358754028 0.0594774874931 0.0755336617406 0.0200108166577
4 0.033804 3394.85102355 0.0581655480984 0.0 0.307811691671 0.016 0.17105917454
5 0.03392 4556.68113208 0.245776566757 0.00944881889764 0.0735294117647 0.0874867444327 0.0873478030704
6 0.035532 2402.74940898 0.0470336718332 0.0911499735029 0.029381443299 0.00795334040297 0.12734082397
7 0.0333 3169.87867868 0.122055674518 0.0876451953537 0.258611262985 0.0675039246468 0.0580010357328
8 0.034716 3528.38714138 0.0529290853032 0.123028391167 0.0530222693531 0.13680781759 0.0607966457023
9 0.034072 2661.42005166 0.0770855332629 0.0656670113754 0.0648050579557 0.0432666306111 0.221185510428
10 0.036932 2691.90284848 0.0508837707552 0.054347826087 0.0323084940073 0.0 0.00828586224754
11 0.035492 2455.12814155 0.0219839142091 0.109147609148 0.0144076840982 0.110877561745 0.0855397148676
12 0.033136 2988.58534524 0.2502596054 0.124411918453 0.0530183727034 0.252336448598 0.00877192982456
13 0.035304 3806.51110356 0.0603925515853 0.0137420718816 0.0906666666667 0.0336 0.183842568617
14 0.03536 3640.80395928 0.109508547009 0.0860962566845 0.114695340502 0.021972406745 0.0188577586207
15 0.035196 3452.44425503 0.00217155266015 0.101333333333 0.0 0.065756196257 0.183554376658
16 0.036364 2621.20426796 0.0524675324675 0.00579862941487 0.114195914091 0.0225840336134 0.0245333333333
17 0.037332 3298.63098682 0.0225603357817 0.0 0.0139247034554 0.000533049040512 0.0941591137966
18 0.03418 3944.55798713 0.0642250530786 0.0608743774211 0.0965553235908 0.201244813278 0.0412262156448
19 0.03194 2947.89179712 0.206019719772 0.294022617124 0.0395510422234 0.231540084388 0.0391459074733
B 20 0.039 50000 5
0.14192
3692.66645998
0 0.034612 4366.0802034 0.0669523299411 0.235532994924 0.0340136054422 0.0516717325228 0.153961885657
1 0.035004 3170.05930751 0.0180371352785 0.000537056928034 0.343038644786 0.0216515609265 0.0654911838791
2 0.034236 3650.3545975 0.117126496616 0.15451300357 0.124123043713 0.078180889116 0.0572640509014
3 0.034456 3546.71650801 0.159722222222 0.0333157059757 0.224873096447 0.0425204918033 0.0905905905906
4 0.036776 2984.8144442 0.0704225352113 0.0258489609731 0.0911016949153 0.0 0.0625610948192
5 0.0368 2471.37641304 0.0700669757857 0.147790756729 0.0484286450283 0.068746952706 0.00910010111223
6 0.037276 2943.09271381 0.0612244897959 0.075500770416 0.0241084881969 0.036099137931 0.0437131630648
7 0.03664 2737.21703057 0.0517153097798 0.0605581885203 0.165194805195 0.0376506024096 0.000499750124938
8 0.034784 3076.39213431 0.0770833333333 0.0669205658324 0.0287206266319 0.18944591029 0.0907723169509
9 0.031588 3138.76826643 0.0482221139795 0.307733910222 0.266096579477 0.0632271117855 0.294731351069
10 0.032332 4447.51602128 0.398414271556 0.0531697341513 0.124054462935 0.0762493560021 0.214474379292
11 0.033472 3102.17256214 0.100783289817 0.0746720484359 0.150699119627 0.11821086262 0.225344915687
12 0.034508 4200.7092848 0.0512945774304 0.0 0.157084188912 0.156107450583 0.272494887526
13 0.033612 3752.10781864 0.121594349142 0.273512963904 0.00922603792927 0.215565796211 0.0834629341628
14 0.034948 3502.89996566 0.237846314689 0.120469627361 0.00102933607823 0.199209095403 0.00498753117207
15 0.038412 4939.59897949 0.0132275132275 0.0209718670077 0.015037593985 0.0115183246073 0.0159760359461
16 0.037012 4535.05003783 0.0137275607181 0.104245029554 0.0234454638124 0.00352822580645 0.0450026164312
17 0.036904 3014.33470626 0.0 0.00753012048193 0.10343061956 0.0340733092411 0.0769230769231
18 0.033888 2998.01664306 0.125518672199 0.302824267782 0.0182767624021 0.0541535226078 0.0798755186722
19 0.036344 3642.06977768 0.0158974358974 0.00585080448562 0.179702970297 0.169880145909 0.0539042821159
B 20 0.04 50000 5
0.143464
3544.64520716
0 0.033608 2749.18257558 0.109803921569 0.43711018711 0.228207639569 0.02288218111 0.0395197598799
1 0.036468 3747.28452342 0.28933747412 0.0548354935194 0.00353000504286 0.0136054421769 0.0785392696348
2 0.03646 4721.06922655 0.175025075226 0.0371287128713 0.0126518218623 0.027027027027 0.157425742574
3 0.037284 3448.27851089 0.0133928571429 0.0453172205438 0.160824742268 0.117389186556 0.0157790927022
4 0.033512 5130.63069945 0.212629501727 0.0311726867887 0.135174418605 0.121663244353 0.336
5 0.038024 5092.91279192 0.0199692780338 0.0149402390438 0.158722358722 0.0149625935162 0.0112878399179
6 0.032368 3352.11591696 0.0265486725664 0.13654822335 0.0550550550551 0.626445449975 0.0371879775853
7 0.035616 3376.48101977 0.127883650953 0.0609631147541 0.0868248359414 0.102903718798 0.0968733982573
8 0.03818 3581.30675746 0.0447461035696 0.00206291903043 0.11391778108 0.0 0.00564102564103
9 0.035732 3675.81629912 0.130391670798 0.0970873786408 0.127245508982 0.110837438424 0.077457795432
10 0.032528 4553.86731431 0.229377328366 0.264028056112 0.0123711340206 0.190168818272 0.166416791604
11 0.037556 2972.23580786 0.100302419355 0.173826173826 0.00866021395823 0.00875912408759 0.0409556313993
12 0.035356 3979.63808123 0.0128402670776 0.134960159363 0.265234765235 0.124870466321 0.0
13 0.036244 3039.02030681 0.213855421687 0.119215291751 0.0665024630542 0.0282195997948 0.0518913676043
14 0.035624 3190.21131821 0.0 0.220110055028 0.0811088295688 0.0758552305404 0.236372407139
15 0.03684 3993.09229099 0.0728105906314 0.0289634146341 0.0768087215064 0.0915388421573 0.15486935867
16 0.036316 3369.47615376 0.0669412976313 0.0102406554019 0.179888832744 0.0750629722922 0.0525517938353
17 0.034544 3640.77906438 0.213182286303 0.00878477306003 0.116870415648 0.0585774058577 0.251018329939
18 0.034676 4335.01741839 0.0655983975964 0.0491967871486 0.173782019086 0.141228939544 0.236789631107
19 0.034464 3610.05396936 0.190776699029 0.095652173913 0.0 0.336815920398 0.0965382740127
