3.37
3.26
3.16
2.98
2.76
2.76
2.78
2.71
2.75
2.81
2.75
2.97
2.8
2.89
2.96
2.87
2.96
2.93
2.78
2.96
2.85
3.08
2.75
3.08
2.7
2.87
2.92
2.87
2.81
2.71
2.84
2.8
2.88
2.72
2.78
2.77
2.8
2.87
2.99
2.98
2.94
3.08
2.99
2.97
3.19
3.28
3.23
3.29
3.23
3.49
3.36
3.51
3.48
3.49
3.53
3.55
3.43
3.44
3.58
3.86
3.38
3.68
3.56
3.62
3.66
3.62
3.62
3.75
3.64
3.57
3.67
3.8
3.83
3.68
3.44
3.71
3.68
3.64
3.88
3.7
3.75
3.82
3.64
3.77
3.85
3.73
3.8
4.03
3.76
3.74
4.07
3.87
3.96
3.91
4.02
3.78
3.88
4.04
3.94
3.92
4.12
4.04
4.0
4.1
3.97
4.13
3.95
4.11
4.14
3.91
4.08
4.18
4.17
4.02
4.12
4.09
4.18
3.98
4.12
4.05
3.98
4.28
4.17
3.99
4.04
4.08
4.14
4.03
3.98
4.09
4.11
4.03
4.03
3.83
4.16
3.94
4.14
4.11
4.13
3.86
4.03
4.0
3.98
4.0
4.17
3.97
4.04
4.08
4.04
4.04
3.8
4.08
4.02
3.94
4.2
3.78
4.14
3.99
3.95
4.09
4.05
4.01
3.96
4.23
4.02
4.01
4.13
4.1
3.99
4.1
4.2
4.09
4.13
4.11
4.03
4.16
4.06
4.32
4.2
4.27
4.2
4.21
4.36
4.27
4.18
4.27
4.23
4.33
4.15
4.17
4.29
4.35
4.24
4.18
4.25
4.34
4.18
4.43
4.36
4.31
4.47
4.3
4.33
4.43
4.32
4.3
4.29
4.31
4.55
4.37
4.21
4.26
4.4
4.48
4.24
4.39
4.51
4.38
4.52
4.46
4.26
4.42
4.42
4.41
4.46
4.32
4.26
4.38
4.57
4.46
4.3
4.49
4.55
4.39
4.48
4.48
4.49
4.52
4.43
4.6
4.54
4.48
4.5
4.49
4.54
4.36
4.59
4.58
4.49
4.62
4.67
4.64
4.51
4.51
4.75
4.66
4.63
4.55
4.66
4.67
4.73
4.8
4.76
4.73
4.7
4.73
4.83
4.86
4.83
4.9
4.61
4.68
4.77
4.89
4.91
4.82
4.79
4.86
4.85
4.9
4.92
4.79
5.13
4.89
4.95
5.0
4.9
5.0
5.04
5.06
5.03
5.04
5.07
4.93
5.09
5.18
5.02
4.91
5.0
5.17
5.05
5.0
5.07
5.06
5.18
5.01
5.14
5.11
5.21
5.1
5.14
5.17
5.25
5.13
5.16
5.16
5.13
5.18
5.29
5.2
5.24
5.21
5.29
5.26
5.27
5.24
5.13
5.17
5.24
5.23
5.26
5.15
5.24
5.28
5.22
5.23
5.1
5.2
5.31
5.06
5.19
5.19
5.17
5.34
5.2
5.3
5.17
5.29
5.24
5.3
5.25
5.27
5.36
5.27
5.28
5.32
5.36
5.38
5.33
5.29
5.29
5.33
5.24
5.47
5.27
5.33
5.33
5.37
5.41
5.33
5.42
5.31
5.41
5.36
5.38
5.26
5.37
5.36
5.32
5.29
5.34
5.41
5.34
5.39
5.33
5.35
5.42
5.35
5.37
5.38
5.4
5.24
5.37
5.43
5.39
5.31
5.35
5.44
5.38
5.33
5.42
5.37
5.47
5.31
5.37
5.42
5.41
5.43
5.41
5.38
5.41
5.35
5.44
5.41
5.39
5.49
5.36
5.39
5.52
5.42
5.4
5.45
5.37
5.42
5.45
5.44
5.31
5.47
5.42
5.44
5.44
5.41
5.38
5.42
5.49
5.49
5.53
5.46
5.5
5.4
5.39
5.42
5.42
5.4
5.41
5.37
5.38
5.39
5.45
5.44
5.42
5.42
5.46
5.44
5.38
5.41
5.38
5.45
5.51
5.43
5.5
5.47
5.47
5.37
5.44
5.52
5.53
5.49
5.46
5.44
5.37
5.39
5.47
5.4
5.56
5.41
5.39
5.36
5.4
5.33
5.51
5.37
5.41
5.43
5.44
5.49
5.33
5.42
5.43
5.31
5.38
5.44
5.36
5.42
5.36
5.43
5.44
5.52
5.36
5.42
5.4
5.51
5.3
5.38
5.45
5.49
5.4
5.43
5.53
5.42
5.57
5.35
5.48
5.38
5.41
5.39
5.41
5.53
5.4
5.5
5.49
5.51
5.47
5.48
5.61
5.55
5.44
5.47
5.51
5.46
5.4
5.49
5.55
5.4
5.47
5.52
5.56
5.44
5.51
5.53
5.54
5.53
5.51
5.52
5.48
5.42
5.37
5.53
5.52
5.48
5.54
5.57
5.5
5.45
5.52
5.49
5.54
5.51
5.51
5.37
5.54
5.43
5.61
5.46
5.42
5.47
5.42
5.51
5.53
5.56
5.5
5.55
5.49
5.36
5.41
5.49
5.47
5.43
5.45
5.59
5.49
5.45
5.55
5.47
5.4
5.48
5.6
5.41
5.5
5.48
5.43
5.49
5.52
5.38
5.43
5.48
5.48
5.51
5.41
5.57
5.44
5.43
5.58
5.45
5.55
5.47
5.45
5.42
5.46
5.56
5.39
5.53
5.48
5.4
5.48
5.42
5.41
5.5
5.44
5.45
5.46
5.48
5.42
5.44
5.47
5.49
5.57
5.52
5.51
5.46
5.57
5.46
5.52
5.49
5.45
5.41
5.53
5.55
5.39
5.54
5.56
5.6
5.62
5.38
5.47
5.52
5.47
5.54
5.51
5.46
5.45
5.44
5.47
5.37
5.5
5.48
5.53
5.48
5.5
5.52
5.55
5.47
5.42
5.51
5.43
5.53
5.38
5.35
5.53
5.5
5.48
5.48
5.5
5.39
5.6
5.49
5.52
5.48
5.54
5.43
5.44
5.49
5.4
5.52
5.5
5.51
5.45
5.4
5.52
5.49
5.51
5.58
5.49
5.38
5.52
5.46
5.62
5.48
5.53
5.48
5.46
5.51
5.48
5.54
5.51
5.5
5.5
5.53
5.44
5.53
5.48
5.39
5.44
5.48
5.45
5.56
5.49
5.55
5.48
5.5
5.46
5.49
5.58
5.38
5.52
5.53
5.48
5.5
5.52
5.51
5.53
5.55
5.5
5.46
5.62
5.5
5.45
5.58
5.54
5.43
5.52
5.54
5.45
5.47
5.47
5.4
5.57
5.38
5.45
5.45
5.51
5.48
5.54
5.51
5.49
5.49
5.51
5.42
5.53
5.44
5.45
5.5
5.43
5.55
5.48
5.4
5.42
5.5
5.51
5.52
5.56
5.56
5.52
5.47
5.48
5.43
5.41
5.55
5.44
5.4
5.4
5.47
5.58
5.47
5.52
5.57
5.47
5.43
5.42
5.54
5.5
5.46
5.38
5.44
5.52
5.55
5.51
5.5
5.52
5.54
5.57
5.52
5.43
5.52
5.54
5.39
5.5
5.53
5.53
5.42
5.59
5.51
5.54
5.43
5.51
5.36
5.55
5.5
5.53
5.56
5.44
5.45
5.54
5.51
5.48
5.5
5.5
5.38
5.47
5.45
5.47
5.47
5.51
5.47
5.5
5.48
5.47
5.45
5.49
5.53
5.43
5.51
5.54
5.56
5.45
5.5
5.49
5.55
5.44
5.49
5.48
5.55
5.53
5.43
5.5
5.44
5.51
5.58
5.61
5.46
5.49
5.5
5.47
5.53
5.48
5.53
5.55
5.55
5.4
5.53
5.54
5.48
5.53
5.55
5.51
5.59
5.53
5.59
5.49
5.51
5.43
5.45
5.55
5.43
5.44
5.53
5.45
5.53
5.54
5.53
5.49
5.52
5.54
5.44
5.6
5.49
5.45
5.44
5.41
5.45
5.57
5.47
5.47
5.43
5.52
5.47
5.55
5.53
5.51
5.6
5.49
5.42
5.56
5.41
5.43
5.44
5.61
5.52
5.46
5.57
5.54
5.49
5.51
5.56
5.52
5.58
5.52
5.48
5.54
5.53
5.53
5.51
5.48
5.42
5.43
5.45
5.47
5.56
5.54
5.51
5.45
5.47
5.51
5.46
5.57
5.53
5.57
5.51
5.52
5.54
5.53
5.45
5.54
5.49
5.55
5.44
5.51
5.58
5.52
5.47
5.47
5.47
5.35
5.47
5.51
5.35
5.5
5.49
5.5
5.47
5.5
5.42
5.48
5.49
5.51
5.54
5.4
5.48
5.56
5.43
5.46
5.5
5.51
5.46
5.5
5.48
5.51
5.49
5.44
5.4
5.5
5.47
5.64
5.36
5.49
5.5
5.47
5.46
5.5
5.43
