724.16
778.72
787.56
690.64
673.02
577.64
595.86
559.84
453.34
505.96
458.02
393.84
407.1
392.84
350.22
348.24
353.46
344.92
319.72
307.26
303.08
303.4
275.2
276.32
252.84
249.14
264.04
228.6
255.96
231.4
208.28
245.48
220.36
212.94
197.6
200.22
196.04
193.44
178.04
203.54
183.4
182.64
176.22
192.96
180.68
184.24
166.86
160.86
160.2
163.1
159.66
153.82
157.66
151.86
151.46
149.56
142.92
145.16
144.42
143.76
146.34
130.98
136.98
132.54
130.36
129.68
132.84
121.38
135.2
135.72
126.38
128.94
127.26
121.3
137.36
120.28
127.62
126.5
130.18
128.36
124.52
123.48
115.02
124.0
121.18
126.74
121.52
117.96
122.06
114.78
118.76
122.1
120.9
122.66
127.9
122.5
119.44
122.04
116.84
114.68
111.02
118.36
117.94
113.42
112.46
104.32
112.64
113.52
111.74
107.22
114.92
106.38
116.92
113.56
106.96
108.04
114.14
106.04
106.84
109.58
111.68
109.36
109.88
115.52
110.46
118.54
107.34
112.6
112.12
115.04
110.26
111.38
108.78
112.02
112.22
113.56
117.16
113.16
119.14
103.82
109.24
101.0
102.46
108.26
98.42
107.3
106.64
108.94
102.48
101.92
