412.0
1299.0
640.0
1031.0
688.0
592.0
426.0
581.0
459.0
381.0
357.0
652.0
493.0
493.0
537.0
333.0
304.0
396.0
280.0
206.0
265.0
307.0
90.0
200.0
156.0
292.0
236.0
144.0
189.0
323.0
210.0
197.0
240.0
297.0
151.0
140.0
295.0
177.0
133.0
149.0
155.0
143.0
119.0
163.0
135.0
180.0
150.0
104.0
162.0
153.0
148.0
148.0
160.0
259.0
140.0
107.0
150.0
149.0
92.0
83.0
146.0
163.0
83.0
147.0
143.0
151.0
153.0
78.0
139.0
142.0
90.0
120.0
103.0
169.0
152.0
105.0
79.0
110.0
86.0
151.0
105.0
105.0
80.0
137.0
101.0
102.0
101.0
81.0
86.0
146.0
150.0
102.0
103.0
79.0
89.0
81.0
134.0
101.0
155.0
101.0
103.0
159.0
159.0
144.0
150.0
103.0
145.0
103.0
169.0
145.0
103.0
100.0
149.0
151.0
132.0
140.0
98.0
134.0
100.0
110.0
98.0
97.0
80.0
103.0
153.0
143.0
145.0
101.0
81.0
98.0
101.0
80.0
85.0
85.0
106.0
91.0
103.0
85.0
90.0
102.0
98.0
146.0
78.0
105.0
101.0
79.0
162.0
88.0
102.0
82.0
153.0
88.0
102.0
144.0
81.0
85.0
81.0
101.0
196.0
159.0
149.0
155.0
101.0
89.0
151.0
154.0
101.0
144.0
151.0
84.0
103.0
101.0
139.0
150.0
104.0
110.0
141.0
82.0
106.0
150.0
148.0
158.0
148.0
155.0
165.0
141.0
160.0
102.0
147.0
164.0
100.0
140.0
133.0
101.0
141.0
137.0
178.0
123.0
160.0
99.0
