./esim 100 0 8000 0.0 80000000 5 50 100 150 200 250 
1.000000
0.987654
./esim 100 0 8000 0.0001 80000000 5 50 100 150 200 250 
2.232473
0.442404
./esim 100 0 8000 0.0002 80000000 5 50 100 150 200 250 
4.913675
0.201001
./esim 100 0 8000 0.0003 80000000 5 50 100 150 200 250 
10.791576
0.091521
./esim 100 0 8000 0.0004 80000000 5 50 100 150 200 250 
23.750240
0.041585
./esim 100 0 8000 0.0005 80000000 5 50 100 150 200 250 
53.363147
0.018508
./esim 100 0 8000 0.0006 80000000 5 50 100 150 200 250 
121.678133
0.008117
./esim 100 0 8000 0.0007 80000000 5 50 100 150 200 250 
284.862857
0.003467
./esim 100 0 8000 0.0008 80000000 5 50 100 150 200 250 
541.858696
0.001823
./esim 100 0 8000 0.0009 80000000 5 50 100 150 200 250 
1136.434783
0.000869
./esim 100 0 8000 0.001 80000000 5 50 100 150 200 250 
2988.045455
0.000331
./esim 100 0 8000 0.0011 80000000 5 50 100 150 200 250 
6319.916667
0.000156
./esim 100 0 8000 0.0012 80000000 5 50 100 150 200 250 
15197.000000
0.000065
./esim 100 0 8000 0.0013 80000000 5 50 100 150 200 250 
72972.400000
0.000014
./esim 100 0 8000 0.0014 80000000 5 50 100 150 200 250 
150507.200000
0.000007
./esim 100 0 8000 0.0015 80000000 5 50 100 150 200 250 
180567.800000
0.000005
./esim 100 0 8000 0.0016 80000000 5 50 100 150 200 250 
241028.833333
0.000006
./esim 100 0 8000 0.0017 80000000 5 50 100 150 200 250 
724665.000000
0.000008
