asn1_2.py 100 1 8000 0.001 80000000 5
301.700598802
0.00326797564681
asn1_2.py 100 1 8000 0.0011 80000000 5
671.316455696
0.00146868172402
asn1_2.py 100 1 8000 0.0012 80000000 5
1233.30434783
0.000799437876995
asn1_2.py 100 1 8000 0.0013 80000000 5
3168.82608696
0.000311140524112
asn1_2.py 100 1 8000 0.0014 80000000 5
6775.25
0.000145522336373
asn1_2.py 100 1 8000 0.0015 80000000 5
10856.0
9.08207635883e-05
asn1_2.py 100 1 8000 0.0016 80000000 5
41087.6
2.3996295951e-05
asn1_2.py 100 1 8000 0.0017 80000000 5
105512.428571
9.3443987866e-06
asn1_2.py 100 1 8000 0.0018 80000000 5
149778.0
6.58274385767e-06
asn1_2.py 100 1 8000 0.0019 80000000 5
292700.714286
3.36845850179e-06
asn1_2.py 100 2 8000 0.001 80000000 5
117.372960373
0.00838774290917
asn1_2.py 100 2 8000 0.0011 80000000 5
219.513043478
0.0044849007626
asn1_2.py 100 2 8000 0.0012 80000000 5
421.5
0.00233569209038
asn1_2.py 100 2 8000 0.0013 80000000 5
780.913043478
0.00126069634042
asn1_2.py 100 2 8000 0.0014 80000000 5
1824.3030303
0.000539654980419
asn1_2.py 100 2 8000 0.0015 80000000 5
4125.47368421
0.000238637861117
asn1_2.py 100 2 8000 0.0016 80000000 5
9724.0
0.000101243749084
asn1_2.py 100 2 8000 0.0017 80000000 5
20177.5714286
4.87915118815e-05
asn1_2.py 100 2 8000 0.0018 80000000 5
36400.5714286
2.70461198124e-05
asn1_2.py 100 2 8000 0.0019 80000000 5
50560.5
1.94716076007e-05
asn1_2.py 100 4 8000 0.001 80000000 5
36.5747211896
0.026844662145
asn1_2.py 100 4 8000 0.0011 80000000 5
61.8007518797
0.0158871211679
asn1_2.py 100 4 8000 0.0012 80000000 5
105.674468085
0.00929113769082
asn1_2.py 100 4 8000 0.0013 80000000 5
185.884328358
0.0052819731607
asn1_2.py 100 4 8000 0.0014 80000000 5
315.297468354
0.0031139991022
asn1_2.py 100 4 8000 0.0015 80000000 5
545.989130435
0.00179827029267
asn1_2.py 100 4 8000 0.0016 80000000 5
923.964285714
0.00106263418247
asn1_2.py 100 4 8000 0.0017 80000000 5
2012.48148148
0.000487873325751
asn1_2.py 100 4 8000 0.0018 80000000 5
3998.29411765
0.000245563734056
asn1_2.py 100 4 8000 0.0019 80000000 5
9269.54545455
0.000105920623422
asn1_2.py 100 5 8000 0.001 80000000 5
24.7229219144
0.0396551896357
asn1_2.py 100 5 8000 0.0011 80000000 5
42.2312983663
0.0232148239526
asn1_2.py 100 5 8000 0.0012 80000000 5
67.4540466392
0.0145342230112
asn1_2.py 100 5 8000 0.0013 80000000 5
114.584686775
0.00855604866982
asn1_2.py 100 5 8000 0.0014 80000000 5
203.827160494
0.0048099191221
asn1_2.py 100 5 8000 0.0015 80000000 5
359.064285714
0.0027304084418
asn1_2.py 100 5 8000 0.0016 80000000 5
588.0
0.00166733360011
asn1_2.py 100 5 8000 0.0017 80000000 5
1014.58823529
0.000966295609153
asn1_2.py 100 5 8000 0.0018 80000000 5
1721.75757576
0.000569413586829
asn1_2.py 100 5 8000 0.0019 80000000 5
2367.41666667
0.00041411897224
asn1_2.py 100 8 8000 0.001 80000000 5
12.0780825303
0.0808935994314
asn1_2.py 100 8 8000 0.0011 80000000 5
18.1965016747
0.0536938136554
asn1_2.py 100 8 8000 0.0012 80000000 5
28.1352128884
0.0347265746301
asn1_2.py 100 8 8000 0.0013 80000000 5
44.055705301
0.022177367572
asn1_2.py 100 8 8000 0.0014 80000000 5
70.200286123
0.0139178858672
asn1_2.py 100 8 8000 0.0015 80000000 5
113.988425926
0.00857139277226
asn1_2.py 100 8 8000 0.0016 80000000 5
190.79389313
0.00512091636727
asn1_2.py 100 8 8000 0.0017 80000000 5
336.067114094
0.00290727515168
asn1_2.py 100 8 8000 0.0018 80000000 5
570.888888889
0.00171143560353
asn1_2.py 100 8 8000 0.0019 80000000 5
856.333333333
0.00114095706902
asn1_2.py 100 10 8000 0.001 80000000 5
8.55483418144
0.113903018645
asn1_2.py 100 10 8000 0.0011 80000000 5
12.3552064859
0.0788672725446
asn1_2.py 100 10 8000 0.0012 80000000 5
18.304576144
0.0532337613067
asn1_2.py 100 10 8000 0.0013 80000000 5
27.6152542373
0.0352856225367
asn1_2.py 100 10 8000 0.0014 80000000 5
42.1437177281
0.023121392459
asn1_2.py 100 10 8000 0.0015 80000000 5
64.5092105263
0.0151051521065
asn1_2.py 100 10 8000 0.0016 80000000 5
99.5172413793
0.00979148360391
asn1_2.py 100 10 8000 0.0017 80000000 5
164.079734219
0.0059387068239
asn1_2.py 100 10 8000 0.0018 80000000 5
244.455882353
0.00398608300153
asn1_2.py 100 10 8000 0.0019 80000000 5
384.315384615
0.00253547340616
asn1_2.py 100 16 8000 0.001 80000000 5
4.72498537156
0.204979047819
asn1_2.py 100 16 8000 0.0011 80000000 5
6.30885416667
0.153518052064
asn1_2.py 100 16 8000 0.0012 80000000 5
8.48922753547
0.114088472523
asn1_2.py 100 16 8000 0.0013 80000000 5
11.7200193424
0.0826383450513
asn1_2.py 100 16 8000 0.0014 80000000 5
16.3651704354
0.0591819685744
asn1_2.py 100 16 8000 0.0015 80000000 5
23.3843193843
0.0414176263377
asn1_2.py 100 16 8000 0.0016 80000000 5
33.3443072702
0.0290461275615
asn1_2.py 100 16 8000 0.0017 80000000 5
48.0729064039
0.0201469616645
asn1_2.py 100 16 8000 0.0018 80000000 5
70.150862069
0.0138062879608
asn1_2.py 100 16 8000 0.0019 80000000 5
105.190987124
0.00920728124051
asn1_2.py 100 20 8000 0.001 80000000 5
3.74867807154
0.257118750475
asn1_2.py 100 20 8000 0.0011 80000000 5
4.78416195296
0.201467975199
asn1_2.py 100 20 8000 0.0012 80000000 5
6.2618521886
0.153924971823
asn1_2.py 100 20 8000 0.0013 80000000 5
8.28367697595
0.116355988347
asn1_2.py 100 20 8000 0.0014 80000000 5
10.9733848954
0.087835743563
asn1_2.py 100 20 8000 0.0015 80000000 5
14.6908094948
0.0656094153305
asn1_2.py 100 20 8000 0.0016 80000000 5
19.9818106656
0.0482366407038
asn1_2.py 100 20 8000 0.0017 80000000 5
27.9076212471
0.034537354981
asn1_2.py 100 20 8000 0.0018 80000000 5
39.186742118
0.024596467315
asn1_2.py 100 20 8000 0.0019 80000000 5
55.0215664018
0.0175177750238
asn1_2.py 100 25 8000 0.001 80000000 5
3.06349104859
0.312742494474
asn1_2.py 100 25 8000 0.0011 80000000 5
3.7855111392
0.253092329438
asn1_2.py 100 25 8000 0.0012 80000000 5
4.7612281399
0.201226197146
asn1_2.py 100 25 8000 0.0013 80000000 5
6.05968639353
0.158107824418
asn1_2.py 100 25 8000 0.0014 80000000 5
7.77795812368
0.123179350814
asn1_2.py 100 25 8000 0.0015 80000000 5
10.0811947833
0.0950367345266
asn1_2.py 100 25 8000 0.0016 80000000 5
13.3164767991
0.0719472460163
asn1_2.py 100 25 8000 0.0017 80000000 5
17.7240487625
0.0540555854464
asn1_2.py 100 25 8000 0.0018 80000000 5
24.4335877863
0.0392117539477
asn1_2.py 100 25 8000 0.0019 80000000 5
33.7035739313
0.0284267726113
asn1_2.py 100 32 8000 0.001 80000000 5
2.50212431157
0.381173484709
asn1_2.py 100 32 8000 0.0011 80000000 5
2.98436033782
0.319580524821
asn1_2.py 100 32 8000 0.0012 80000000 5
3.59823516102
0.265058674693
asn1_2.py 100 32 8000 0.0013 80000000 5
4.40644625046
0.21644277243
asn1_2.py 100 32 8000 0.0014 80000000 5
5.44544624515
0.175145139641
asn1_2.py 100 32 8000 0.0015 80000000 5
6.73641112523
0.141580349727
asn1_2.py 100 32 8000 0.0016 80000000 5
8.56604450826
0.111340005541
asn1_2.py 100 32 8000 0.0017 80000000 5
11.0307372313
0.0864623481651
asn1_2.py 100 32 8000 0.0018 80000000 5
14.5343883141
0.0656197854636
asn1_2.py 100 32 8000 0.0019 80000000 5
19.359254759
0.0492655040127
asn1_2.py 100 40 8000 0.001 80000000 5
2.15499248052
0.438807321181
asn1_2.py 100 40 8000 0.0011 80000000 5
2.51064394543
0.376646987027
asn1_2.py 100 40 8000 0.0012 80000000 5
2.94471423235
0.321126738599
asn1_2.py 100 40 8000 0.0013 80000000 5
3.49837278107
0.270304663545
asn1_2.py 100 40 8000 0.0014 80000000 5
4.19280205656
0.225535683485
asn1_2.py 100 40 8000 0.0015 80000000 5
5.07630392788
0.186282478547
asn1_2.py 100 40 8000 0.0016 80000000 5
6.21953463915
0.152041355569
asn1_2.py 100 40 8000 0.0017 80000000 5
7.7383055283
0.122200716175
asn1_2.py 100 40 8000 0.0018 80000000 5
9.73200329083
0.0971666828794
asn1_2.py 100 40 8000 0.0019 80000000 5
12.345421341
0.0765973433731
asn1_2.py 100 50 8000 0.001 80000000 5
1.89679773004
0.493290612807
asn1_2.py 100 50 8000 0.0011 80000000 5
2.16028807534
0.433123954763
asn1_2.py 100 50 8000 0.0012 80000000 5
2.48175647009
0.377020278136
asn1_2.py 100 50 8000 0.0013 80000000 5
2.85812007573
0.327373409733
asn1_2.py 100 50 8000 0.0014 80000000 5
3.33780313837
0.280325853812
asn1_2.py 100 50 8000 0.0015 80000000 5
3.90813429096
0.23941667429
asn1_2.py 100 50 8000 0.0016 80000000 5
4.62796677215
0.202177880846
asn1_2.py 100 50 8000 0.0017 80000000 5
5.54478672986
0.16874815213
asn1_2.py 100 50 8000 0.0018 80000000 5
6.68829498356
0.139897016642
asn1_2.py 100 50 8000 0.0019 80000000 5
8.22142230026
0.113809080771
asn1_2.py 100 64 8000 0.001 80000000 5
1.6782398208
0.553518249504
asn1_2.py 100 64 8000 0.0011 80000000 5
1.86565725531
0.497913732661
asn1_2.py 100 64 8000 0.0012 80000000 5
2.09153534444
0.444140889289
asn1_2.py 100 64 8000 0.0013 80000000 5
2.35771202355
0.393999079862
asn1_2.py 100 64 8000 0.0014 80000000 5
2.67182377638
0.347678756387
asn1_2.py 100 64 8000 0.0015 80000000 5
3.04583005507
0.304986276667
asn1_2.py 100 64 8000 0.0016 80000000 5
3.50497962879
0.265033314382
asn1_2.py 100 64 8000 0.0017 80000000 5
4.03816063978
0.230039478546
asn1_2.py 100 64 8000 0.0018 80000000 5
4.75680933852
0.195285600441
asn1_2.py 100 64 8000 0.0019 80000000 5
5.60518697226
0.165727989531
asn1_2.py 100 80 8000 0.001 80000000 5
1.54402239914
0.592822881515
asn1_2.py 100 80 8000 0.0011 80000000 5
1.68772123894
0.542347744795
asn1_2.py 100 80 8000 0.0012 80000000 5
1.85627382594
0.493101715377
asn1_2.py 100 80 8000 0.0013 80000000 5
2.05444344704
0.445537602459
asn1_2.py 100 80 8000 0.0014 80000000 5
2.28644922831
0.400328945181
asn1_2.py 100 80 8000 0.0015 80000000 5
2.55694576328
0.357978577772
asn1_2.py 100 80 8000 0.0016 80000000 5
2.89489660406
0.316188083021
asn1_2.py 100 80 8000 0.0017 80000000 5
3.28127015985
0.278956551332
asn1_2.py 100 80 8000 0.0018 80000000 5
3.75746881156
0.243603301501
asn1_2.py 100 80 8000 0.0019 80000000 5
4.33737565135
0.211033556085
asn1_2.py 100 100 8000 0.001 80000000 5
1.43810194221
0.625043592606
asn1_2.py 100 100 8000 0.0011 80000000 5
1.55298711171
0.578804806374
asn1_2.py 100 100 8000 0.0012 80000000 5
1.68207335329
0.534385972368
asn1_2.py 100 100 8000 0.0013 80000000 5
1.83329254364
0.490307129438
asn1_2.py 100 100 8000 0.0014 80000000 5
2.00898444484
0.447428255008
asn1_2.py 100 100 8000 0.0015 80000000 5
2.21011998426
0.40670932388
asn1_2.py 100 100 8000 0.0016 80000000 5
2.4491853305
0.367010365978
asn1_2.py 100 100 8000 0.0017 80000000 5
2.734379753
0.328731370802
asn1_2.py 100 100 8000 0.0018 80000000 5
3.07926829268
0.291912337301
asn1_2.py 100 100 8000 0.0019 80000000 5
3.46947595894
0.259081318081
asn1_2.py 100 125 8000 0.001 80000000 5
1.34291482118
0.663753864692
asn1_2.py 100 125 8000 0.0011 80000000 5
1.43104832236
0.622875474278
asn1_2.py 100 125 8000 0.0012 80000000 5
1.52663127248
0.583877009843
asn1_2.py 100 125 8000 0.0013 80000000 5
1.63619676946
0.544778549345
asn1_2.py 100 125 8000 0.0014 80000000 5
1.76465930237
0.505120110896
asn1_2.py 100 125 8000 0.0015 80000000 5
1.90976090496
0.466741622049
asn1_2.py 100 125 8000 0.0016 80000000 5
2.08523976608
0.427463986159
asn1_2.py 100 125 8000 0.0017 80000000 5
2.28765717218
0.389640945044
asn1_2.py 100 125 8000 0.0018 80000000 5
2.51614359901
0.354258359046
asn1_2.py 100 125 8000 0.0019 80000000 5
2.78652247296
0.319884340125
asn1_2.py 100 160 8000 0.001 80000000 5
1.28002006255
0.677863561809
asn1_2.py 100 160 8000 0.0011 80000000 5
1.35088429443
0.642304424118
asn1_2.py 100 160 8000 0.0012 80000000 5
1.42713815789
0.607985256358
asn1_2.py 100 160 8000 0.0013 80000000 5
1.5132014928
0.573406094902
asn1_2.py 100 160 8000 0.0014 80000000 5
1.61022862233
0.538854512182
asn1_2.py 100 160 8000 0.0015 80000000 5
1.7209154734
0.504196151522
asn1_2.py 100 160 8000 0.0016 80000000 5
1.85039235756
0.468916203227
asn1_2.py 100 160 8000 0.0017 80000000 5
2.00166082303
0.433479513013
asn1_2.py 100 160 8000 0.0018 80000000 5
2.17461033429
0.399004338895
asn1_2.py 100 160 8000 0.0019 80000000 5
2.37064962028
0.366008941753
asn1_2.py 100 200 8000 0.001 80000000 5
1.23449226079
0.682147057463
asn1_2.py 100 200 8000 0.0011 80000000 5
1.29046393332
0.652560092083
asn1_2.py 100 200 8000 0.0012 80000000 5
1.3531150596
0.622345643988
asn1_2.py 100 200 8000 0.0013 80000000 5
1.4222559946
0.592091203241
asn1_2.py 100 200 8000 0.0014 80000000 5
1.50450128608
0.5597238573
asn1_2.py 100 200 8000 0.0015 80000000 5
1.59722380248
0.527230599651
asn1_2.py 100 200 8000 0.0016 80000000 5
1.69999596335
0.495357213378
asn1_2.py 100 200 8000 0.0017 80000000 5
1.81494569902
0.463983723377
asn1_2.py 100 200 8000 0.0018 80000000 5
1.94432132964
0.433110129648
asn1_2.py 100 200 8000 0.0019 80000000 5
2.08867728017
0.403176340909
asn1_2.py 100 250 8000 0.001 80000000 5
1.18887303852
0.700943924486
asn1_2.py 100 250 8000 0.0011 80000000 5
1.23276729188
0.675985921126
asn1_2.py 100 250 8000 0.0012 80000000 5
1.28116833205
0.650447964163
asn1_2.py 100 250 8000 0.0013 80000000 5
1.33446486902
0.624470042397
asn1_2.py 100 250 8000 0.0014 80000000 5
1.39771240734
0.596212303016
asn1_2.py 100 250 8000 0.0015 80000000 5
1.4650868434
0.56879449644
asn1_2.py 100 250 8000 0.0016 80000000 5
1.54179154179
0.540496760259
asn1_2.py 100 250 8000 0.0017 80000000 5
1.63155833986
0.510759139269
asn1_2.py 100 250 8000 0.0018 80000000 5
1.7286152825
0.482081433485
asn1_2.py 100 250 8000 0.0019 80000000 5
1.83770672547
0.453463722902
asn1_2.py 100 320 8000 0.001 80000000 5
1.15570543623
0.690836236106
asn1_2.py 100 320 8000 0.0011 80000000 5
1.19218250769
0.669698799021
asn1_2.py 100 320 8000 0.0012 80000000 5
1.23255742159
0.647761458923
asn1_2.py 100 320 8000 0.0013 80000000 5
1.27555910543
0.625924106702
asn1_2.py 100 320 8000 0.0014 80000000 5
1.3271615198
0.601587057569
asn1_2.py 100 320 8000 0.0015 80000000 5
1.38364234968
0.577030035108
asn1_2.py 100 320 8000 0.0016 80000000 5
1.44582458173
0.552213044168
asn1_2.py 100 320 8000 0.0017 80000000 5
1.51481579846
0.527062890699
asn1_2.py 100 320 8000 0.0018 80000000 5
1.5905903912
0.501953990184
asn1_2.py 100 320 8000 0.0019 80000000 5
1.66932853918
0.478278047057
asn1_2.py 100 400 8000 0.001 80000000 5
1.13372612034
0.672035995501
asn1_2.py 100 400 8000 0.0011 80000000 5
1.16442542787
0.654318210224
asn1_2.py 100 400 8000 0.0012 80000000 5
1.19754832626
0.636220472441
asn1_2.py 100 400 8000 0.0013 80000000 5
1.23528839607
0.616782902137
asn1_2.py 100 400 8000 0.0014 80000000 5
1.28054313851
0.594985626797
asn1_2.py 100 400 8000 0.0015 80000000 5
1.32701751942
0.574148231471
asn1_2.py 100 400 8000 0.0016 80000000 5
1.37908567706
0.552470941132
asn1_2.py 100 400 8000 0.0017 80000000 5
1.43643492686
0.530413698288
asn1_2.py 100 400 8000 0.0018 80000000 5
1.50319577054
0.50685664292
asn1_2.py 100 400 8000 0.0019 80000000 5
1.57048639736
0.48513935758
asn1_2.py 100 500 8000 0.001 80000000 5
1.10791134596
0.681207015242
asn1_2.py 100 500 8000 0.0011 80000000 5
1.13196964698
0.666728991493
asn1_2.py 100 500 8000 0.0012 80000000 5
1.15887247828
0.651251104224
asn1_2.py 100 500 8000 0.0013 80000000 5
1.18626434072
0.636213156904
asn1_2.py 100 500 8000 0.0014 80000000 5
1.21910330125
0.619075496195
asn1_2.py 100 500 8000 0.0015 80000000 5
1.25460408218
0.601557887348
asn1_2.py 100 500 8000 0.0016 80000000 5
1.29320860746
0.583600338554
asn1_2.py 100 500 8000 0.0017 80000000 5
1.33842825732
0.563883029966
asn1_2.py 100 500 8000 0.0018 80000000 5
1.38736950448
0.543991329413
asn1_2.py 100 500 8000 0.0019 80000000 5
1.43892489516
0.524500607135
asn1_2.py 100 800 8000 0.001 80000000 5
1.08667784242
0.608420452671
asn1_2.py 100 800 8000 0.0011 80000000 5
1.10675906398
0.597381170224
asn1_2.py 100 800 8000 0.0012 80000000 5
1.1275579809
0.586361886477
asn1_2.py 100 800 8000 0.0013 80000000 5
1.15055335143
0.574642648228
asn1_2.py 100 800 8000 0.0014 80000000 5
1.17747622609
0.561503502272
asn1_2.py 100 800 8000 0.0015 80000000 5
1.20621716287
0.548124371916
asn1_2.py 100 800 8000 0.0016 80000000 5
1.23690511823
0.534525255858
asn1_2.py 100 800 8000 0.0017 80000000 5
1.27060993889
0.520346177498
asn1_2.py 100 800 8000 0.0018 80000000 5
1.30909954859
0.505047171934
asn1_2.py 100 800 8000 0.0019 80000000 5
1.34806719948
0.490448120872
asn1_2.py 100 1000 8000 0.001 80000000 5
1.06507731959
0.620759650623
asn1_2.py 100 1000 8000 0.0011 80000000 5
1.07961596238
0.612400193987
asn1_2.py 100 1000 8000 0.0012 80000000 5
1.09564525751
0.60344077635
asn1_2.py 100 1000 8000 0.0013 80000000 5
1.11339372916
0.593821401609
asn1_2.py 100 1000 8000 0.0014 80000000 5
1.13432835821
0.582862113963
asn1_2.py 100 1000 8000 0.0015 80000000 5
1.15489415217
0.572482788619
asn1_2.py 100 1000 8000 0.0016 80000000 5
1.17781182087
0.561343512672
asn1_2.py 100 1000 8000 0.0017 80000000 5
1.20288167661
0.549644273122
asn1_2.py 100 1000 8000 0.0018 80000000 5
1.23050582499
0.53730507517
asn1_2.py 100 1000 8000 0.0019 80000000 5
1.26014865638
0.524665896717
