asn1.py 100 1 8000 0.0 8000000 5
1.0
0.985950209514
asn1.py 100 1 8000 0.0001 8000000 5
1.24019114688
0.794998587108
asn1.py 100 1 8000 0.0002 8000000 5
1.90958268934
0.516317106885
asn1.py 100 1 8000 0.0003 8000000 5
3.24459016393
0.303875115099
asn1.py 100 1 8000 0.0004 8000000 5
5.91527446301
0.166678691865
asn1.py 100 1 8000 0.0005 8000000 5
10.7809110629
0.091453329293
asn1.py 100 1 8000 0.0006 8000000 5
18.8377358491
0.0523391036701
asn1.py 100 1 8000 0.0007 8000000 5
38.4
0.0256757867061
asn1.py 100 1 8000 0.0008 8000000 5
72.1971830986
0.0136563528825
asn1.py 100 1 8000 0.0009 8000000 5
148.625
0.00663381133399
asn1.py 100 2 8000 0.0 8000000 5
1.0
0.984494216096
asn1.py 100 2 8000 0.0001 8000000 5
1.14401858304
0.860557888385
asn1.py 100 2 8000 0.0002 8000000 5
1.52491488703
0.64560601019
asn1.py 100 2 8000 0.0003 8000000 5
2.29149232915
0.429630160037
asn1.py 100 2 8000 0.0004 8000000 5
3.64085545723
0.270401895286
asn1.py 100 2 8000 0.0005 8000000 5
6.02682926829
0.163351933873
asn1.py 100 2 8000 0.0006 8000000 5
10.4421052632
0.0942812001302
asn1.py 100 2 8000 0.0007 8000000 5
18.8239700375
0.0523000309785
asn1.py 100 2 8000 0.0008 8000000 5
36.2340425532
0.0271704217008
asn1.py 100 2 8000 0.0009 8000000 5
72.4027777778
0.0135974647149
asn1.py 100 4 8000 0.0 8000000 5
1.0
0.981836033382
asn1.py 100 4 8000 0.0001 8000000 5
1.07699056811
0.911647754825
asn1.py 100 4 8000 0.0002 8000000 5
1.2883757544
0.762072733853
asn1.py 100 4 8000 0.0003 8000000 5
1.67291311755
0.586901987368
asn1.py 100 4 8000 0.0004 8000000 5
2.31683168317
0.423783928939
asn1.py 100 4 8000 0.0005 8000000 5
3.40776699029
0.288117126605
asn1.py 100 4 8000 0.0006 8000000 5
5.06378600823
0.19389366608
asn1.py 100 4 8000 0.0007 8000000 5
7.72684458399
0.12706817417
asn1.py 100 4 8000 0.0008 8000000 5
12.391521197
0.0792345038008
asn1.py 100 4 8000 0.0009 8000000 5
20.3588709677
0.0482264480647
asn1.py 100 5 8000 0.0 8000000 5
1.0
0.980392156863
asn1.py 100 5 8000 0.0001 8000000 5
1.06491532783
0.92062920989
asn1.py 100 5 8000 0.0002 8000000 5
1.24145785877
0.789710379565
asn1.py 100 5 8000 0.0003 8000000 5
1.55074296554
0.632208031021
asn1.py 100 5 8000 0.0004 8000000 5
2.0591442953
0.476116296998
asn1.py 100 5 8000 0.0005 8000000 5
2.87917888563
0.340511026166
asn1.py 100 5 8000 0.0006 8000000 5
4.17996604414
0.234545483506
asn1.py 100 5 8000 0.0007 8000000 5
6.09653465347
0.160811380988
asn1.py 100 5 8000 0.0008 8000000 5
9.5444015444
0.10271908116
asn1.py 100 5 8000 0.0009 8000000 5
14.5350877193
0.067450033725
asn1.py 100 8 8000 0.0 8000000 5
1.0
0.977039570103
asn1.py 100 8 8000 0.0001 8000000 5
1.03865760408
0.940675316164
asn1.py 100 8 8000 0.0002 8000000 5
1.15330188679
0.847167234608
asn1.py 100 8 8000 0.0003 8000000 5
1.35082872928
0.723289006906
asn1.py 100 8 8000 0.0004 8000000 5
1.67947838023
0.581751799607
asn1.py 100 8 8000 0.0005 8000000 5
2.17414482452
0.449390288578
asn1.py 100 8 8000 0.0006 8000000 5
2.8278451762
0.345506740725
asn1.py 100 8 8000 0.0007 8000000 5
3.79318357862
0.257577717991
asn1.py 100 8 8000 0.0008 8000000 5
5.44111111111
0.179566186051
asn1.py 100 8 8000 0.0009 8000000 5
7.88566827697
0.123900668375
asn1.py 100 10 8000 0.0 8000000 5
1.0
0.974421437272
asn1.py 100 10 8000 0.0001 8000000 5
1.03591160221
0.940641494113
asn1.py 100 10 8000 0.0002 8000000 5
1.12977983778
0.862487897811
asn1.py 100 10 8000 0.0003 8000000 5
1.27517656291
0.764146288141
asn1.py 100 10 8000 0.0004 8000000 5
1.52963311383
0.637029512804
asn1.py 100 10 8000 0.0005 8000000 5
1.89181853432
0.515071302874
asn1.py 100 10 8000 0.0006 8000000 5
2.4039408867
0.405343343783
asn1.py 100 10 8000 0.0007 8000000 5
3.0557294928
0.318883408878
asn1.py 100 10 8000 0.0008 8000000 5
4.19194515853
0.232450902963
asn1.py 100 10 8000 0.0009 8000000 5
5.77685950413
0.16867667226
asn1.py 100 16 8000 0.0 8000000 5
1.0
0.968523002421
asn1.py 100 16 8000 0.0001 8000000 5
1.02064461765
0.94893265067
asn1.py 100 16 8000 0.0002 8000000 5
1.07978604858
0.896958248063
asn1.py 100 16 8000 0.0003 8000000 5
1.17397625394
0.824993690607
asn1.py 100 16 8000 0.0004 8000000 5
1.33205057724
0.727091762858
asn1.py 100 16 8000 0.0005 8000000 5
1.5472541507
0.625962452246
asn1.py 100 16 8000 0.0006 8000000 5
1.82156273479
0.531698954928
asn1.py 100 16 8000 0.0007 8000000 5
2.21562357241
0.437133371608
asn1.py 100 16 8000 0.0008 8000000 5
2.752553916
0.351863408302
asn1.py 100 16 8000 0.0009 8000000 5
3.53678077203
0.273843097678
asn1.py 100 20 8000 0.0 8000000 5
1.0
0.963855421687
asn1.py 100 20 8000 0.0001 8000000 5
1.02097013345
0.944058391241
asn1.py 100 20 8000 0.0002 8000000 5
1.0708731393
0.900064990251
asn1.py 100 20 8000 0.0003 8000000 5
1.14761904762
0.839874018897
asn1.py 100 20 8000 0.0004 8000000 5
1.26868421053
0.759728397098
asn1.py 100 20 8000 0.0005 8000000 5
1.45254594757
0.663562776307
asn1.py 100 20 8000 0.0006 8000000 5
1.68189745378
0.57307621194
asn1.py 100 20 8000 0.0007 8000000 5
1.97138184791
0.488923758077
asn1.py 100 20 8000 0.0008 8000000 5
2.38949454906
0.403372094766
asn1.py 100 20 8000 0.0009 8000000 5
2.93727161998
0.328146506823
asn1.py 100 25 8000 0.0 8000000 5
1.0
0.958083832335
asn1.py 100 25 8000 0.0001 8000000 5
1.01309951405
0.945695678507
asn1.py 100 25 8000 0.0002 8000000 5
1.05523767606
0.907931790226
asn1.py 100 25 8000 0.0003 8000000 5
1.11407992565
0.859977646376
asn1.py 100 25 8000 0.0004 8000000 5
1.20953101362
0.792111836365
asn1.py 100 25 8000 0.0005 8000000 5
1.34482758621
0.712421311224
asn1.py 100 25 8000 0.0006 8000000 5
1.50470514429
0.636725298621
asn1.py 100 25 8000 0.0007 8000000 5
1.72429906542
0.555636694091
asn1.py 100 25 8000 0.0008 8000000 5
2.03779193206
0.470157829787
asn1.py 100 25 8000 0.0009 8000000 5
2.46481766821
0.388703734436
asn1.py 100 32 8000 0.0 8000000 5
1.0
0.953743443014
asn1.py 100 32 8000 0.0001 8000000 5
1.01359966001
0.940946885288
asn1.py 100 32 8000 0.0002 8000000 5
1.04835164835
0.909755275831
asn1.py 100 32 8000 0.0003 8000000 5
1.09428768066
0.871565548867
asn1.py 100 32 8000 0.0004 8000000 5
1.16674816626
0.817437276179
asn1.py 100 32 8000 0.0005 8000000 5
1.27423230975
0.748484743103
asn1.py 100 32 8000 0.0006 8000000 5
1.40559646539
0.678532897953
asn1.py 100 32 8000 0.0007 8000000 5
1.56459016393
0.609580364877
asn1.py 100 32 8000 0.0008 8000000 5
1.78059701493
0.535631271433
asn1.py 100 32 8000 0.0009 8000000 5
2.07071583514
0.460586347401
asn1.py 100 40 8000 0.0 8000000 5
1.0
0.945626477541
asn1.py 100 40 8000 0.0001 8000000 5
1.00852878465
0.937629636294
asn1.py 100 40 8000 0.0002 8000000 5
1.03887546673
0.91024045502
asn1.py 100 40 8000 0.0003 8000000 5
1.07769423559
0.877453405905
asn1.py 100 40 8000 0.0004 8000000 5
1.14020717899
0.829346188099
asn1.py 100 40 8000 0.0005 8000000 5
1.22110423117
0.774402752366
asn1.py 100 40 8000 0.0006 8000000 5
1.32465715085
0.713865075904
asn1.py 100 40 8000 0.0007 8000000 5
1.4599012955
0.647733158713
asn1.py 100 40 8000 0.0008 8000000 5
1.6264604811
0.58140144721
asn1.py 100 40 8000 0.0009 8000000 5
1.84561403509
0.512364156082
asn1.py 100 50 8000 0.0 8000000 5
1.0
0.93567251462
asn1.py 100 50 8000 0.0001 8000000 5
1.00796898557
0.928275103714
asn1.py 100 50 8000 0.0002 8000000 5
1.02879753792
0.909481681412
asn1.py 100 50 8000 0.0003 8000000 5
1.05882352941
0.883690708252
asn1.py 100 50 8000 0.0004 8000000 5
1.10897891495
0.843724350397
asn1.py 100 50 8000 0.0005 8000000 5
1.18776960162
0.78775590261
asn1.py 100 50 8000 0.0006 8000000 5
1.26821999458
0.737784074228
asn1.py 100 50 8000 0.0007 8000000 5
1.36991513023
0.683014950322
asn1.py 100 50 8000 0.0008 8000000 5
1.49171446781
0.627246389848
asn1.py 100 50 8000 0.0009 8000000 5
1.67059243398
0.560084252503
asn1.py 100 64 8000 0.0 8000000 5
1.0
0.928936367859
asn1.py 100 64 8000 0.0001 8000000 5
1.00519368102
0.924136696636
asn1.py 100 64 8000 0.0002 8000000 5
1.02335316149
0.907737819959
asn1.py 100 64 8000 0.0003 8000000 5
1.04829609569
0.886139299458
asn1.py 100 64 8000 0.0004 8000000 5
1.08725146199
0.854389624053
asn1.py 100 64 8000 0.0005 8000000 5
1.13949497426
0.81521760854
asn1.py 100 64 8000 0.0006 8000000 5
1.20010327911
0.774047020808
asn1.py 100 64 8000 0.0007 8000000 5
1.27973568282
0.725881430306
asn1.py 100 64 8000 0.0008 8000000 5
1.37352245863
0.67631683925
asn1.py 100 64 8000 0.0009 8000000 5
1.49309347896
0.622155532088
asn1.py 100 80 8000 0.0 8000000 5
1.0
0.91533180778
asn1.py 100 80 8000 0.0001 8000000 5
1.00460627331
0.911134871544
asn1.py 100 80 8000 0.0002 8000000 5
1.0170997113
0.89994304158
asn1.py 100 80 8000 0.0003 8000000 5
1.03713768116
0.882555734314
asn1.py 100 80 8000 0.0004 8000000 5
1.06609262276
0.858585631528
asn1.py 100 80 8000 0.0005 8000000 5
1.11081474297
0.82401841853
asn1.py 100 80 8000 0.0006 8000000 5
1.15245283019
0.794246657046
asn1.py 100 80 8000 0.0007 8000000 5
1.2173797502
0.751886835337
asn1.py 100 80 8000 0.0008 8000000 5
1.29042253521
0.709327203148
asn1.py 100 80 8000 0.0009 8000000 5
1.39197812215
0.65757628889
asn1.py 100 100 8000 0.0 8000000 5
1.0
0.898876404494
asn1.py 100 100 8000 0.0001 8000000 5
1.00334821429
0.895876816938
asn1.py 100 100 8000 0.0002 8000000 5
1.01467268623
0.885878191749
asn1.py 100 100 8000 0.0003 8000000 5
1.0323840147
0.870680281461
asn1.py 100 100 8000 0.0004 8000000 5
1.05813132502
0.849494182094
asn1.py 100 100 8000 0.0005 8000000 5
1.09258809235
0.822703826622
asn1.py 100 100 8000 0.0006 8000000 5
1.13078470825
0.794913831021
asn1.py 100 100 8000 0.0007 8000000 5
1.18471673254
0.758726858331
asn1.py 100 100 8000 0.0008 8000000 5
1.24750277469
0.720540605382
asn1.py 100 100 8000 0.0009 8000000 5
1.32469063052
0.678555719941
asn1.py 100 125 8000 0.0 8000000 5
1.0
0.891364902507
asn1.py 100 125 8000 0.0001 8000000 5
1.00269784173
0.888966611289
asn1.py 100 125 8000 0.0002 8000000 5
1.01202632176
0.88077244963
asn1.py 100 125 8000 0.0003 8000000 5
1.02623101703
0.868581135941
asn1.py 100 125 8000 0.0004 8000000 5
1.04670265196
0.851593239817
asn1.py 100 125 8000 0.0005 8000000 5
1.07263107263
0.831007906866
asn1.py 100 125 8000 0.0006 8000000 5
1.1012345679
0.809423285909
asn1.py 100 125 8000 0.0007 8000000 5
1.14066496164
0.781443221705
asn1.py 100 125 8000 0.0008 8000000 5
1.18051879301
0.755062018312
asn1.py 100 125 8000 0.0009 8000000 5
1.24268598495
0.717288931636
asn1.py 100 160 8000 0.0 8000000 5
1.0
0.867678958785
asn1.py 100 160 8000 0.0001 8000000 5
1.00230946882
0.865679698512
asn1.py 100 160 8000 0.0002 8000000 5
1.01071262226
0.858482361526
asn1.py 100 160 8000 0.0003 8000000 5
1.02310231023
0.848086208103
asn1.py 100 160 8000 0.0004 8000000 5
1.03827751196
0.835690794406
asn1.py 100 160 8000 0.0005 8000000 5
1.06112469438
0.817697451943
asn1.py 100 160 8000 0.0006 8000000 5
1.08853774768
0.797105071124
asn1.py 100 160 8000 0.0007 8000000 5
1.12115732369
0.773913651949
asn1.py 100 160 8000 0.0008 8000000 5
1.15887850467
0.7487229725
asn1.py 100 160 8000 0.0009 8000000 5
1.20656102307
0.719133920449
asn1.py 100 200 8000 0.0 8000000 5
1.0
0.842105263158
asn1.py 100 200 8000 0.0001 8000000 5
1.00142551675
0.840906536805
asn1.py 100 200 8000 0.0002 8000000 5
1.00740917782
0.835911843666
asn1.py 100 200 8000 0.0003 8000000 5
1.01836192317
0.826921396017
asn1.py 100 200 8000 0.0004 8000000 5
1.03283508944
0.815333707935
asn1.py 100 200 8000 0.0005 8000000 5
1.04771371769
0.803755118346
asn1.py 100 200 8000 0.0006 8000000 5
1.07032241686
0.786777189653
asn1.py 100 200 8000 0.0007 8000000 5
1.0987750847
0.766403675222
asn1.py 100 200 8000 0.0008 8000000 5
1.12968917471
0.745430939778
asn1.py 100 200 8000 0.0009 8000000 5
1.17143651014
0.718865474883
asn1.py 100 250 8000 0.0 8000000 5
1.0
0.833333333333
asn1.py 100 250 8000 0.0001 8000000 5
1.00120048019
0.832334132694
asn1.py 100 250 8000 0.0002 8000000 5
1.00676001931
0.827737809752
asn1.py 100 250 8000 0.0003 8000000 5
1.01459854015
0.821342925659
asn1.py 100 250 8000 0.0004 8000000 5
1.0255779636
0.812549960032
asn1.py 100 250 8000 0.0005 8000000 5
1.03704624565
0.803564293135
asn1.py 100 250 8000 0.0006 8000000 5
1.05488113303
0.789978422441
asn1.py 100 250 8000 0.0007 8000000 5
1.07694293829
0.773795252937
asn1.py 100 250 8000 0.0008 8000000 5
1.10081815783
0.757012706785
asn1.py 100 250 8000 0.0009 8000000 5
1.13096529284
0.736833692959
asn1.py 100 320 8000 0.0 8000000 5
1.0
0.798403193613
asn1.py 100 320 8000 0.0001 8000000 5
1.00125313283
0.797403940554
asn1.py 100 320 8000 0.0002 8000000 5
1.00528434826
0.794206330768
asn1.py 100 320 8000 0.0003 8000000 5
1.01241763811
0.788610513641
asn1.py 100 320 8000 0.0004 8000000 5
1.02069494124
0.782215294068
asn1.py 100 320 8000 0.0005 8000000 5
1.0304280557
0.774826722931
asn1.py 100 320 8000 0.0006 8000000 5
1.0449790795
0.764037490584
asn1.py 100 320 8000 0.0007 8000000 5
1.05966587112
0.753448058837
asn1.py 100 320 8000 0.0008 8000000 5
1.08322038493
0.737064409719
asn1.py 100 320 8000 0.0009 8000000 5
1.10938367574
0.719681757606
asn1.py 100 400 8000 0.0 8000000 5
1.0
0.761904761905
asn1.py 100 400 8000 0.0001 8000000 5
1.00105097215
0.761104861892
asn1.py 100 400 8000 0.0002 8000000 5
1.00474683544
0.758305211849
asn1.py 100 400 8000 0.0003 8000000 5
1.01114649682
0.753505811774
asn1.py 100 400 8000 0.0004 8000000 5
1.02008032129
0.74690663667
asn1.py 100 400 8000 0.0005 8000000 5
1.02722371968
0.741712586373
asn1.py 100 400 8000 0.0006 8000000 5
1.04239606127
0.730916769752
asn1.py 100 400 8000 0.0007 8000000 5
1.05743618202
0.720520798191
asn1.py 100 400 8000 0.0008 8000000 5
1.07352112676
0.70972498157
asn1.py 100 400 8000 0.0009 8000000 5
1.09542972118
0.695530481938
asn1.py 100 500 8000 0.0 8000000 5
1.0
0.754716981132
asn1.py 100 500 8000 0.0001 8000000 5
1.00132625995
0.753717355992
asn1.py 100 500 8000 0.0002 8000000 5
1.00505857295
0.750918405598
asn1.py 100 500 8000 0.0003 8000000 5
1.01260729614
0.745320504811
asn1.py 100 500 8000 0.0004 8000000 5
1.01999459606
0.739922529052
asn1.py 100 500 8000 0.0005 8000000 5
1.02777021508
0.734324628264
asn1.py 100 500 8000 0.0006 8000000 5
1.03908615469
0.72632762714
asn1.py 100 500 8000 0.0007 8000000 5
1.0518250209
0.717530925903
asn1.py 100 500 8000 0.0008 8000000 5
1.06488011283
0.708734224666
asn1.py 100 500 8000 0.0009 8000000 5
1.08042358329
0.698538048232
asn1.py 100 800 8000 0.0 8000000 5
1.0
0.661157024793
asn1.py 100 800 8000 0.0001 8000000 5
1.00120992136
0.660358043495
asn1.py 100 800 8000 0.0002 8000000 5
1.00485731633
0.657961099598
asn1.py 100 800 8000 0.0003 8000000 5
1.00976205003
0.654765174403
asn1.py 100 800 8000 0.0004 8000000 5
1.01658476658
0.650370777259
asn1.py 100 800 8000 0.0005 8000000 5
1.02128972539
0.647374597388
asn1.py 100 800 8000 0.0006 8000000 5
1.03243917654
0.640383511023
asn1.py 100 800 8000 0.0007 8000000 5
1.04088050314
0.635190132581
asn1.py 100 800 8000 0.0008 8000000 5
1.05246422893
0.628199046216
asn1.py 100 800 8000 0.0009 8000000 5
1.06636597938
0.620009487903
asn1.py 100 1000 8000 0.0 8000000 5
1.0
0.661157024793
asn1.py 100 1000 8000 0.0001 8000000 5
1.0003022061
0.660957279469
asn1.py 100 1000 8000 0.0002 8000000 5
1.00242277408
0.659559062196
asn1.py 100 1000 8000 0.0003 8000000 5
1.00638491943
0.656962372974
asn1.py 100 1000 8000 0.0004 8000000 5
1.01099572389
0.653966193104
asn1.py 100 1000 8000 0.0005 8000000 5
1.01471489884
0.651569249207
asn1.py 100 1000 8000 0.0006 8000000 5
1.02445063448
0.645377144141
asn1.py 100 1000 8000 0.0007 8000000 5
1.03083151666
0.641382237647
asn1.py 100 1000 8000 0.0008 8000000 5
1.0382685069
0.636788095179
asn1.py 100 1000 8000 0.0009 8000000 5
1.05212968849
0.628398791541
