asn1.py 100 1 8000 0.0 80000000 5
1.0
0.985950209514
asn1.py 100 1 8000 0.0001 80000000 5
1.23465477949
0.798563473685
asn1.py 100 1 8000 0.0002 80000000 5
1.88936577888
0.521841890296
asn1.py 100 1 8000 0.0003 80000000 5
3.21782242808
0.306402926685
asn1.py 100 1 8000 0.0004 80000000 5
5.75539484428
0.171308873881
asn1.py 100 1 8000 0.0005 80000000 5
10.8185006576
0.0911355686632
asn1.py 100 1 8000 0.0006 80000000 5
20.0064856101
0.0492815294366
asn1.py 100 1 8000 0.0007 80000000 5
39.0110410095
0.0252736195703
asn1.py 100 1 8000 0.0008 80000000 5
76.8235294118
0.0128339613796
asn1.py 100 1 8000 0.0009 80000000 5
163.270358306
0.00603875816617
asn1.py 100 2 8000 0.0 80000000 5
1.0
0.984494216096
asn1.py 100 2 8000 0.0001 80000000 5
1.13586229175
0.86673730015
asn1.py 100 2 8000 0.0002 80000000 5
1.52293890178
0.646443672131
asn1.py 100 2 8000 0.0003 80000000 5
2.26945058997
0.433802886235
asn1.py 100 2 8000 0.0004 80000000 5
3.60525545308
0.273071971989
asn1.py 100 2 8000 0.0005 80000000 5
6.01098230628
0.163782584265
asn1.py 100 2 8000 0.0006 80000000 5
10.402027027
0.0946444585789
asn1.py 100 2 8000 0.0007 80000000 5
18.5846850245
0.0529734141202
asn1.py 100 2 8000 0.0008 80000000 5
34.6715893108
0.0283948395694
asn1.py 100 2 8000 0.0009 80000000 5
64.0775193798
0.0153641124941
asn1.py 100 4 8000 0.0 80000000 5
1.0
0.981836033382
asn1.py 100 4 8000 0.0001 80000000 5
1.07391285327
0.914260435933
asn1.py 100 4 8000 0.0002 80000000 5
1.28843983729
0.762034830781
asn1.py 100 4 8000 0.0003 80000000 5
1.68224491194
0.583646308817
asn1.py 100 4 8000 0.0004 80000000 5
2.34016393443
0.419558655246
asn1.py 100 4 8000 0.0005 80000000 5
3.42526330474
0.286645418478
asn1.py 100 4 8000 0.0006 80000000 5
5.17110666526
0.189869615334
asn1.py 100 4 8000 0.0007 80000000 5
8.08108552632
0.121498037632
asn1.py 100 4 8000 0.0008 80000000 5
13.0254439438
0.0753783162876
asn1.py 100 4 8000 0.0009 80000000 5
21.8422923145
0.0449511442867
asn1.py 100 5 8000 0.0 80000000 5
1.0
0.980392156863
asn1.py 100 5 8000 0.0001 80000000 5
1.05956986923
0.925273722226
asn1.py 100 5 8000 0.0002 80000000 5
1.23574489539
0.793361283969
asn1.py 100 5 8000 0.0003 80000000 5
1.55220997974
0.631610522842
asn1.py 100 5 8000 0.0004 80000000 5
2.06825564227
0.474018847973
asn1.py 100 5 8000 0.0005 80000000 5
2.90687059102
0.337267217842
asn1.py 100 5 8000 0.0006 80000000 5
4.21868547832
0.232392806219
asn1.py 100 5 8000 0.0007 80000000 5
6.35284974093
0.154323208771
asn1.py 100 5 8000 0.0008 80000000 5
9.85456006428
0.0994861414886
asn1.py 100 5 8000 0.0009 80000000 5
15.4711447493
0.06336907661
asn1.py 100 8 8000 0.0 80000000 5
1.0
0.977039570103
asn1.py 100 8 8000 0.0001 80000000 5
1.03878293041
0.940561826251
asn1.py 100 8 8000 0.0002 80000000 5
1.15545254594
0.845590390999
asn1.py 100 8 8000 0.0003 80000000 5
1.35745047373
0.719760749295
asn1.py 100 8 8000 0.0004 80000000 5
1.67504371379
0.583291983404
asn1.py 100 8 8000 0.0005 80000000 5
2.15687486206
0.452988528583
asn1.py 100 8 8000 0.0006 80000000 5
2.8625659051
0.341316008957
asn1.py 100 8 8000 0.0007 80000000 5
3.94605507551
0.247599070821
asn1.py 100 8 8000 0.0008 80000000 5
5.60787238926
0.174226427116
asn1.py 100 8 8000 0.0009 80000000 5
8.15534790589
0.119803542581
asn1.py 100 10 8000 0.0 80000000 5
1.0
0.974421437272
asn1.py 100 10 8000 0.0001 80000000 5
1.03230932203
0.943923896136
asn1.py 100 10 8000 0.0002 80000000 5
1.12536665358
0.865870189216
asn1.py 100 10 8000 0.0003 80000000 5
1.28568036096
0.757903338077
asn1.py 100 10 8000 0.0004 80000000 5
1.5349672379
0.634815788383
asn1.py 100 10 8000 0.0005 80000000 5
1.91338829996
0.509264866568
asn1.py 100 10 8000 0.0006 80000000 5
2.4442772595
0.398654217103
asn1.py 100 10 8000 0.0007 80000000 5
3.19846426462
0.30465290735
asn1.py 100 10 8000 0.0008 80000000 5
4.32930620947
0.225075656497
asn1.py 100 10 8000 0.0009 80000000 5
6.02658587857
0.161687140432
asn1.py 100 16 8000 0.0 80000000 5
1.0
0.968523002421
asn1.py 100 16 8000 0.0001 80000000 5
1.02058835925
0.948984959156
asn1.py 100 16 8000 0.0002 80000000 5
1.08034977358
0.896490216505
asn1.py 100 16 8000 0.0003 80000000 5
1.18268620269
0.818917985364
asn1.py 100 16 8000 0.0004 80000000 5
1.33466530713
0.725667324417
asn1.py 100 16 8000 0.0005 80000000 5
1.55616605617
0.622377668876
asn1.py 100 16 8000 0.0006 80000000 5
1.85247093023
0.522827638812
asn1.py 100 16 8000 0.0007 80000000 5
2.26116998926
0.428328257946
asn1.py 100 16 8000 0.0008 80000000 5
2.83366487245
0.341791653571
asn1.py 100 16 8000 0.0009 80000000 5
3.63375843961
0.26653477894
asn1.py 100 20 8000 0.0 80000000 5
1.0
0.963855421687
asn1.py 100 20 8000 0.0001 80000000 5
1.01739424132
0.947376525773
asn1.py 100 20 8000 0.0002 80000000 5
1.0670622357
0.903279480275
asn1.py 100 20 8000 0.0003 80000000 5
1.14744184939
0.840003719751
asn1.py 100 20 8000 0.0004 80000000 5
1.27025459912
0.758789161126
asn1.py 100 20 8000 0.0005 80000000 5
1.44661884323
0.666281533795
asn1.py 100 20 8000 0.0006 80000000 5
1.67863611034
0.574189614861
asn1.py 100 20 8000 0.0007 80000000 5
1.99235316
0.48377739501
asn1.py 100 20 8000 0.0008 80000000 5
2.40068731945
0.401491445336
asn1.py 100 20 8000 0.0009 80000000 5
2.97182490752
0.324331160711
asn1.py 100 25 8000 0.0 80000000 5
1.0
0.958083832335
asn1.py 100 25 8000 0.0001 80000000 5
1.01407705334
0.944784056769
asn1.py 100 25 8000 0.0002 80000000 5
1.05424735915
0.908784664259
asn1.py 100 25 8000 0.0003 80000000 5
1.11890970243
0.856265550519
asn1.py 100 25 8000 0.0004 80000000 5
1.21703673594
0.787226715549
asn1.py 100 25 8000 0.0005 80000000 5
1.35595810926
0.706573326857
asn1.py 100 25 8000 0.0006 80000000 5
1.53456339291
0.6243364313
asn1.py 100 25 8000 0.0007 80000000 5
1.77249519017
0.540528311528
asn1.py 100 25 8000 0.0008 80000000 5
2.08440287144
0.459644268132
asn1.py 100 25 8000 0.0009 80000000 5
2.50300402278
0.382773588702
asn1.py 100 32 8000 0.0 80000000 5
1.0
0.953743443014
asn1.py 100 32 8000 0.0001 80000000 5
1.01123833757
0.943144071557
asn1.py 100 32 8000 0.0002 80000000 5
1.04375041037
0.913765813687
asn1.py 100 32 8000 0.0003 80000000 5
1.09518888506
0.870848358692
asn1.py 100 32 8000 0.0004 80000000 5
1.17282250529
0.813203565513
asn1.py 100 32 8000 0.0005 80000000 5
1.2827519432
0.743513543731
asn1.py 100 32 8000 0.0006 80000000 5
1.41853548272
0.672343733824
asn1.py 100 32 8000 0.0007 80000000 5
1.59773541925
0.596934530914
asn1.py 100 32 8000 0.0008 80000000 5
1.82698126939
0.52203241434
asn1.py 100 32 8000 0.0009 80000000 5
2.1172318892
0.450467163222
asn1.py 100 40 8000 0.0 80000000 5
1.0
0.945626477541
asn1.py 100 40 8000 0.0001 80000000 5
1.00911244371
0.937087322064
asn1.py 100 40 8000 0.0002 80000000 5
1.03513495764
0.913529651917
asn1.py 100 40 8000 0.0003 80000000 5
1.07749800615
0.877613204054
asn1.py 100 40 8000 0.0004 80000000 5
1.14021846592
0.829337978474
asn1.py 100 40 8000 0.0005 80000000 5
1.22543277703
0.771667361333
asn1.py 100 40 8000 0.0006 80000000 5
1.33435859812
0.708674923575
asn1.py 100 40 8000 0.0007 80000000 5
1.47463124084
0.641263016375
asn1.py 100 40 8000 0.0008 80000000 5
1.64820494946
0.573731123579
asn1.py 100 40 8000 0.0009 80000000 5
1.87208519736
0.505119360421
asn1.py 100 50 8000 0.0 80000000 5
1.0
0.93567251462
asn1.py 100 50 8000 0.0001 80000000 5
1.00794984488
0.928292731401
asn1.py 100 50 8000 0.0002 80000000 5
1.02846716933
0.909773828978
asn1.py 100 50 8000 0.0003 80000000 5
1.06411626902
0.87929537576
asn1.py 100 50 8000 0.0004 80000000 5
1.115835917
0.838539520337
asn1.py 100 50 8000 0.0005 80000000 5
1.18766340906
0.787826338237
asn1.py 100 50 8000 0.0006 80000000 5
1.27557251908
0.733531414813
asn1.py 100 50 8000 0.0007 80000000 5
1.38740955996
0.67440252801
asn1.py 100 50 8000 0.0008 80000000 5
1.52139559082
0.615009350801
asn1.py 100 50 8000 0.0009 80000000 5
1.68874291695
0.554064508711
asn1.py 100 64 8000 0.0 80000000 5
1.0
0.928936367859
asn1.py 100 64 8000 0.0001 80000000 5
1.00593381843
0.923456743213
asn1.py 100 64 8000 0.0002 80000000 5
1.02206966356
0.908877741875
asn1.py 100 64 8000 0.0003 80000000 5
1.04988359741
0.884799391242
asn1.py 100 64 8000 0.0004 80000000 5
1.08973607038
0.85244160775
asn1.py 100 64 8000 0.0005 80000000 5
1.14420139915
0.811864387289
asn1.py 100 64 8000 0.0006 80000000 5
1.21080207492
0.76720744629
asn1.py 100 64 8000 0.0007 80000000 5
1.29730484569
0.71605095051
asn1.py 100 64 8000 0.0008 80000000 5
1.40095307033
0.663074579391
asn1.py 100 64 8000 0.0009 80000000 5
1.52740784585
0.608178339784
asn1.py 100 80 8000 0.0 80000000 5
1.0
0.91533180778
asn1.py 100 80 8000 0.0001 80000000 5
1.0048739791
0.910892138536
asn1.py 100 80 8000 0.0002 80000000 5
1.01874109687
0.898493062267
asn1.py 100 80 8000 0.0003 80000000 5
1.04145808683
0.878894522358
asn1.py 100 80 8000 0.0004 80000000 5
1.07388376622
0.852356499441
asn1.py 100 80 8000 0.0005 80000000 5
1.11814139835
0.818619012884
asn1.py 100 80 8000 0.0006 80000000 5
1.17160702401
0.781261795996
asn1.py 100 80 8000 0.0007 80000000 5
1.24152335485
0.737265073752
asn1.py 100 80 8000 0.0008 80000000 5
1.32213524365
0.692313295614
asn1.py 100 80 8000 0.0009 80000000 5
1.42309486055
0.64319802787
asn1.py 100 100 8000 0.0 80000000 5
1.0
0.898876404494
asn1.py 100 100 8000 0.0001 80000000 5
1.00397614314
0.895316497942
asn1.py 100 100 8000 0.0002 80000000 5
1.01543084361
0.88521676306
asn1.py 100 100 8000 0.0003 80000000 5
1.03419314756
0.869157184624
asn1.py 100 100 8000 0.0004 80000000 5
1.0603737083
0.847697747934
asn1.py 100 100 8000 0.0005 80000000 5
1.0978529031
0.818758507589
asn1.py 100 100 8000 0.0006 80000000 5
1.14294069779
0.786459355442
asn1.py 100 100 8000 0.0007 80000000 5
1.19974907907
0.749220332966
asn1.py 100 100 8000 0.0008 80000000 5
1.26584239284
0.710101359839
asn1.py 100 100 8000 0.0009 80000000 5
1.34324566647
0.669182433961
asn1.py 100 125 8000 0.0 80000000 5
1.0
0.891364902507
asn1.py 100 125 8000 0.0001 80000000 5
1.00317360283
0.88854501354
asn1.py 100 125 8000 0.0002 80000000 5
1.0118966535
0.880885315141
asn1.py 100 125 8000 0.0003 80000000 5
1.0273372672
0.867645836445
asn1.py 100 125 8000 0.0004 80000000 5
1.04848385048
0.850146525481
asn1.py 100 125 8000 0.0005 80000000 5
1.0779761041
0.826887441307
asn1.py 100 125 8000 0.0006 80000000 5
1.1129145026
0.800928463442
asn1.py 100 125 8000 0.0007 80000000 5
1.15742183442
0.770129676144
asn1.py 100 125 8000 0.0008 80000000 5
1.20815375024
0.737790949481
asn1.py 100 125 8000 0.0009 80000000 5
1.26911358524
0.702352344876
asn1.py 100 160 8000 0.0 80000000 5
1.0
0.867678958785
asn1.py 100 160 8000 0.0001 80000000 5
1.00275042759
0.865299016499
asn1.py 100 160 8000 0.0002 80000000 5
1.0105751089
0.85859917897
asn1.py 100 160 8000 0.0003 80000000 5
1.02320699983
0.847999436014
asn1.py 100 160 8000 0.0004 80000000 5
1.0402829397
0.834079773565
asn1.py 100 160 8000 0.0005 80000000 5
1.06395762317
0.815520223635
asn1.py 100 160 8000 0.0006 80000000 5
1.0927661075
0.794020744997
asn1.py 100 160 8000 0.0007 80000000 5
1.13002370224
0.767841379847
asn1.py 100 160 8000 0.0008 80000000 5
1.17256756757
0.739982055435
asn1.py 100 160 8000 0.0009 80000000 5
1.22214710274
0.709962783403
asn1.py 100 200 8000 0.0 80000000 5
1.0
0.842105263158
asn1.py 100 200 8000 0.0001 80000000 5
1.00233266686
0.840145483633
asn1.py 100 200 8000 0.0002 80000000 5
1.00888856944
0.834686097814
asn1.py 100 200 8000 0.0003 80000000 5
1.01985953015
0.82570710795
asn1.py 100 200 8000 0.0004 80000000 5
1.03466915649
0.813888437551
asn1.py 100 200 8000 0.0005 80000000 5
1.05560012032
0.797750253097
asn1.py 100 200 8000 0.0006 80000000 5
1.07938379515
0.780172230624
asn1.py 100 200 8000 0.0007 80000000 5
1.11058364322
0.758254696347
asn1.py 100 200 8000 0.0008 80000000 5
1.14591270273
0.734877326301
asn1.py 100 200 8000 0.0009 80000000 5
1.18643112726
0.709780149733
asn1.py 100 250 8000 0.0 80000000 5
1.0
0.833333333333
asn1.py 100 250 8000 0.0001 80000000 5
1.00197172261
0.831693464523
asn1.py 100 250 8000 0.0002 80000000 5
1.0073490306
0.827253819694
asn1.py 100 250 8000 0.0003 80000000 5
1.01621753445
0.820034397248
asn1.py 100 250 8000 0.0004 80000000 5
1.02749352731
0.811035117191
asn1.py 100 250 8000 0.0005 80000000 5
1.04321049469
0.798816094712
asn1.py 100 250 8000 0.0006 80000000 5
1.06284752334
0.784057275418
asn1.py 100 250 8000 0.0007 80000000 5
1.08824527957
0.765758739301
asn1.py 100 250 8000 0.0008 80000000 5
1.1156626506
0.74694024478
asn1.py 100 250 8000 0.0009 80000000 5
1.14939041209
0.72502199824
asn1.py 100 320 8000 0.0 80000000 5
1.0
0.798403193613
asn1.py 100 320 8000 0.0001 80000000 5
1.0018066394
0.796963368192
asn1.py 100 320 8000 0.0002 80000000 5
1.00617439516
0.793503787666
asn1.py 100 320 8000 0.0003 80000000 5
1.01319629489
0.78800445446
asn1.py 100 320 8000 0.0004 80000000 5
1.02337682311
0.780165404945
asn1.py 100 320 8000 0.0005 80000000 5
1.03660911333
0.770206612448
asn1.py 100 320 8000 0.0006 80000000 5
1.05334670079
0.757968096368
asn1.py 100 320 8000 0.0007 80000000 5
1.07351240892
0.743729822759
asn1.py 100 320 8000 0.0008 80000000 5
1.09632863772
0.728251699481
asn1.py 100 320 8000 0.0009 80000000 5
1.1242361952
0.710173891416
asn1.py 100 400 8000 0.0 80000000 5
1.0
0.761904761905
asn1.py 100 400 8000 0.0001 80000000 5
1.00152463067
0.760744906887
asn1.py 100 400 8000 0.0002 80000000 5
1.00543621682
0.75778527684
asn1.py 100 400 8000 0.0003 80000000 5
1.01165662091
0.753125859268
asn1.py 100 400 8000 0.0004 80000000 5
1.02051749076
0.746586676665
asn1.py 100 400 8000 0.0005 80000000 5
1.03229652108
0.738067741532
asn1.py 100 400 8000 0.0006 80000000 5
1.04724993815
0.727529058868
asn1.py 100 400 8000 0.0007 80000000 5
1.06377038195
0.716230471191
asn1.py 100 400 8000 0.0008 80000000 5
1.08374103994
0.703032120985
asn1.py 100 400 8000 0.0009 80000000 5
1.1064966747
0.688573928259
asn1.py 100 500 8000 0.0 80000000 5
1.0
0.754716981132
asn1.py 100 500 8000 0.0001 80000000 5
1.00119379228
0.753817080121
asn1.py 100 500 8000 0.0002 80000000 5
1.00420414028
0.751557328694
asn1.py 100 500 8000 0.0003 80000000 5
1.00976588629
0.747417784044
asn1.py 100 500 8000 0.0004 80000000 5
1.0171958385
0.741958384578
asn1.py 100 500 8000 0.0005 80000000 5
1.02618484379
0.735459099499
asn1.py 100 500 8000 0.0006 80000000 5
1.0383536015
0.726840047595
asn1.py 100 500 8000 0.0007 80000000 5
1.05298253446
0.716742164695
asn1.py 100 500 8000 0.0008 80000000 5
1.06818181818
0.706543556804
asn1.py 100 500 8000 0.0009 80000000 5
1.08685385169
0.694405213688
asn1.py 100 800 8000 0.0 80000000 5
1.0
0.661157024793
asn1.py 100 800 8000 0.0001 80000000 5
1.00102949192
0.660477068991
asn1.py 100 800 8000 0.0002 80000000 5
1.00382583349
0.658637188583
asn1.py 100 800 8000 0.0003 80000000 5
1.00835722565
0.65567738097
asn1.py 100 800 8000 0.0004 80000000 5
1.01420376108
0.651897626654
asn1.py 100 800 8000 0.0005 80000000 5
1.02144225422
0.647277926935
asn1.py 100 800 8000 0.0006 80000000 5
1.03122368134
0.641138326009
asn1.py 100 800 8000 0.0007 80000000 5
1.04231036005
0.63431876928
asn1.py 100 800 8000 0.0008 80000000 5
1.05478097183
0.626819256748
asn1.py 100 800 8000 0.0009 80000000 5
1.0693492043
0.618279811812
asn1.py 100 1000 8000 0.0 80000000 5
1.0
0.661157024793
asn1.py 100 1000 8000 0.0001 80000000 5
1.0007264802
0.660677055991
asn1.py 100 1000 8000 0.0002 80000000 5
1.00263852243
0.659417137886
asn1.py 100 1000 8000 0.0003 80000000 5
1.00574974902
0.657377270477
asn1.py 100 1000 8000 0.0004 80000000 5
1.01005163301
0.654577452466
asn1.py 100 1000 8000 0.0005 80000000 5
1.01569940705
0.65093768905
asn1.py 100 1000 8000 0.0006 80000000 5
1.0226112778
0.646537975032
asn1.py 100 1000 8000 0.0007 80000000 5
1.03157763355
0.640918340308
asn1.py 100 1000 8000 0.0008 80000000 5
1.04024417105
0.635578687385
asn1.py 100 1000 8000 0.0009 80000000 5
1.05166051661
0.628679135856
