asn1.py 100 1 8000 0.0 8000000 5
1.0
0.985950209514
asn1.py 100 1 8000 0.0001 8000000 5
1.24019114688
0.794998587108
asn1.py 100 1 8000 0.0002 8000000 5
1.90958268934
0.516317106885
asn1.py 100 1 8000 0.0003 8000000 5
3.24459016393
0.303875115099
asn1.py 100 1 8000 0.0004 8000000 5
5.91527446301
0.166678691865
asn1.py 100 1 8000 0.0005 8000000 5
10.7809110629
0.091453329293
asn1.py 100 1 8000 0.0006 8000000 5
18.8377358491
0.0523391036701
asn1.py 100 1 8000 0.0007 8000000 5
38.4
0.0256757867061
asn1.py 100 1 8000 0.0008 8000000 5
72.1971830986
0.0136563528825
asn1.py 100 1 8000 0.0009 8000000 5
148.625
0.00663381133399
asn1.py 100 2 8000 0.0 8000000 5
1.0
0.984494216096
asn1.py 100 2 8000 0.0001 8000000 5
1.14401858304
0.860557888385
asn1.py 100 2 8000 0.0002 8000000 5
1.52491488703
0.64560601019
asn1.py 100 2 8000 0.0003 8000000 5
2.29149232915
0.429630160037
asn1.py 100 2 8000 0.0004 8000000 5
3.64085545723
0.270401895286
asn1.py 100 2 8000 0.0005 8000000 5
6.02682926829
0.163351933873
asn1.py 100 2 8000 0.0006 8000000 5
10.4421052632
0.0942812001302
asn1.py 100 2 8000 0.0007 8000000 5
18.8239700375
0.0523000309785
asn1.py 100 2 8000 0.0008 8000000 5
36.2340425532
0.0271704217008
asn1.py 100 2 8000 0.0009 8000000 5
72.4027777778
0.0135974647149
asn1.py 100 4 8000 0.0 8000000 5
1.0
0.981836033382
asn1.py 100 4 8000 0.0001 8000000 5
1.07699056811
0.911647754825
asn1.py 100 4 8000 0.0002 8000000 5
1.2883757544
0.762072733853
asn1.py 100 4 8000 0.0003 8000000 5
1.67291311755
0.586901987368
asn1.py 100 4 8000 0.0004 8000000 5
2.31683168317
0.423783928939
asn1.py 100 4 8000 0.0005 8000000 5
3.40776699029
0.288117126605
asn1.py 100 4 8000 0.0006 8000000 5
5.06378600823
0.19389366608
asn1.py 100 4 8000 0.0007 8000000 5
7.72684458399
0.12706817417
asn1.py 100 4 8000 0.0008 8000000 5
12.391521197
0.0792345038008
asn1.py 100 4 8000 0.0009 8000000 5
20.3588709677
0.0482264480647
asn1.py 100 5 8000 0.0 8000000 5
1.0
0.980392156863
asn1.py 100 5 8000 0.0001 8000000 5
1.06491532783
0.92062920989
asn1.py 100 5 8000 0.0002 8000000 5
1.24145785877
0.789710379565
asn1.py 100 5 8000 0.0003 8000000 5
1.55074296554
0.632208031021
asn1.py 100 5 8000 0.0004 8000000 5
2.0591442953
0.476116296998
asn1.py 100 5 8000 0.0005 8000000 5
2.87917888563
0.340511026166
asn1.py 100 5 8000 0.0006 8000000 5
4.17996604414
0.234545483506
asn1.py 100 5 8000 0.0007 8000000 5
6.09653465347
0.160811380988
asn1.py 100 5 8000 0.0008 8000000 5
9.5444015444
0.10271908116
asn1.py 100 5 8000 0.0009 8000000 5
14.5350877193
0.067450033725
asn1.py 100 8 8000 0.0 8000000 5
1.0
0.977039570103
asn1.py 100 8 8000 0.0001 8000000 5
1.03865760408
0.940675316164
asn1.py 100 8 8000 0.0002 8000000 5
1.15330188679
0.847167234608
asn1.py 100 8 8000 0.0003 8000000 5
1.35082872928
0.723289006906
asn1.py 100 8 8000 0.0004 8000000 5
1.67947838023
0.581751799607
asn1.py 100 8 8000 0.0005 8000000 5
2.17414482452
0.449390288578
asn1.py 100 8 8000 0.0006 8000000 5
2.8278451762
0.345506740725
asn1.py 100 8 8000 0.0007 8000000 5
3.79318357862
0.257577717991
asn1.py 100 8 8000 0.0008 8000000 5
5.44111111111
0.179566186051
asn1.py 100 8 8000 0.0009 8000000 5
7.88566827697
0.123900668375
asn1.py 100 10 8000 0.0 8000000 5
1.0
0.974421437272
asn1.py 100 10 8000 0.0001 8000000 5
1.03591160221
0.940641494113
asn1.py 100 10 8000 0.0002 8000000 5
1.12977983778
0.862487897811
asn1.py 100 10 8000 0.0003 8000000 5
1.27517656291
0.764146288141
asn1.py 100 10 8000 0.0004 8000000 5
1.52963311383
0.637029512804
asn1.py 100 10 8000 0.0005 8000000 5
1.89181853432
0.515071302874
asn1.py 100 10 8000 0.0006 8000000 5
2.4039408867
0.405343343783
asn1.py 100 10 8000 0.0007 8000000 5
3.0557294928
0.318883408878
asn1.py 100 10 8000 0.0008 8000000 5
4.19194515853
0.232450902963
asn1.py 100 10 8000 0.0009 8000000 5
5.77685950413
0.16867667226
asn1.py 100 16 8000 0.0 8000000 5
1.0
0.968523002421
asn1.py 100 16 8000 0.0001 8000000 5
1.02064461765
0.94893265067
asn1.py 100 16 8000 0.0002 8000000 5
1.07978604858
0.896958248063
asn1.py 100 16 8000 0.0003 8000000 5
1.17397625394
0.824993690607
asn1.py 100 16 8000 0.0004 8000000 5
1.33205057724
0.727091762858
asn1.py 100 16 8000 0.0005 8000000 5
1.5472541507
0.625962452246
asn1.py 100 16 8000 0.0006 8000000 5
1.82156273479
0.531698954928
asn1.py 100 16 8000 0.0007 8000000 5
2.21562357241
0.437133371608
asn1.py 100 16 8000 0.0008 8000000 5
2.752553916
0.351863408302
asn1.py 100 16 8000 0.0009 8000000 5
3.53678077203
0.273843097678
asn1.py 100 20 8000 0.0 8000000 5
1.0
0.963855421687
asn1.py 100 20 8000 0.0001 8000000 5
1.02097013345
0.944058391241
asn1.py 100 20 8000 0.0002 8000000 5
1.0708731393
0.900064990251
asn1.py 100 20 8000 0.0003 8000000 5
1.14761904762
0.839874018897
asn1.py 100 20 8000 0.0004 8000000 5
1.26868421053
0.759728397098
