asn1_2.py 100 0 8000 0.0 80000000 5
1.0
0.987654320988
asn1_2.py 100 0 8000 0.0001 80000000 5
2.21812547716
0.445265306745
asn1_2.py 100 0 8000 0.0002 80000000 5
4.9967640813
0.19765878575
asn1_2.py 100 0 8000 0.0003 80000000 5
11.1671183379
0.0884430782506
asn1_2.py 100 0 8000 0.0004 80000000 5
24.6417538615
0.0400805205076
asn1_2.py 100 0 8000 0.0005 80000000 5
53.8273615635
0.0183485553128
asn1_2.py 100 0 8000 0.0006 80000000 5
118.850356295
0.0083100661351
asn1_2.py 100 0 8000 0.0007 80000000 5
261.194871795
0.00378129292586
asn1_2.py 100 0 8000 0.0008 80000000 5
566.532608696
0.00174333181502
asn1_2.py 100 0 8000 0.0009 80000000 5
1078.34
0.000915902517747
asn1_2.py 100 0 8000 0.001 80000000 5
2391.2962963
0.000413020470327
asn1_2.py 100 0 8000 0.0011 80000000 5
5739.25
0.000172087698042
asn1_2.py 100 0 8000 0.0012 80000000 5
15722.6
6.28174933527e-05
asn1_2.py 100 0 8000 0.0013 80000000 5
24824.75
3.97850661532e-05
asn1_2.py 100 0 8000 0.0014 80000000 5
70592.5
1.39909242623e-05
asn1_2.py 100 0 8000 0.0015 80000000 5
180644.833333
5.46738205994e-06
asn1_2.py 100 0 8000 0.0016 80000000 5
264875.4
3.72875065403e-06
asn1_2.py 100 0 8000 0.0017 80000000 5
758357.0
1.3023606573e-06
