P 20 0.01 5000 5
0.19784
10.8938536191
0 0.01004 9.82470119522 0.0 0.0 0.0 0.0 0.0
1 0.00988 7.75303643725 0.0 0.0 0.0 0.0102040816327 0.0
2 0.00952 10.3109243697 0.0 0.0 0.0 0.0160427807487 0.0
3 0.00896 10.65625 0.0 0.0 0.0 0.0 0.00444444444444
4 0.0094 9.15744680851 0.0 0.0 0.0 0.0 0.0
5 0.00976 10.3401639344 0.0 0.0 0.00617283950617 0.0 0.0
6 0.01008 9.81746031746 0.0 0.0 0.0 0.00947867298578 0.0
7 0.01036 9.16216216216 0.0 0.0 0.0 0.0046511627907 0.0
8 0.00964 10.8381742739 0.0 0.0 0.00740740740741 0.00523560209424 0.0
9 0.00936 10.5128205128 0.0 0.0106382978723 0.0 0.0 0.0
10 0.0102 11.3176470588 0.0 0.0 0.0 0.0 0.0
11 0.01004 11.9561752988 0.0 0.0103092783505 0.0 0.0 0.0
12 0.00964 11.3485477178 0.0 0.00917431192661 0.0 0.0 0.0
13 0.00988 12.2307692308 0.0 0.0 0.0 0.0 0.0
14 0.01112 10.3237410072 0.0 0.0 0.0 0.0 0.0
15 0.01016 14.3149606299 0.0 0.0 0.0 0.0 0.0
16 0.00984 12.2235772358 0.0 0.0 0.0188679245283 0.0 0.0
17 0.00952 8.11344537815 0.0 0.0 0.0 0.00518134715026 0.0
18 0.00996 16.1164658635 0.0 0.0 0.00662251655629 0.0 0.004
19 0.01048 11.3167938931 0.0 0.0 0.0 0.0 0.0
I 20 0.01 5000 5
0.19972
5.83256559183
0 0.00908 6.20704845815 0.0 0.0 0.0 0.0 0.0
1 0.011 6.62181818182 0.0 0.0 0.0 0.0 0.0
2 0.0096 5.64583333333 0.0 0.0 0.0 0.0 0.0
3 0.00948 4.83544303797 0.0 0.0 0.0 0.0 0.0
4 0.01076 5.2750929368 0.0 0.0 0.0 0.0 0.0
5 0.01008 5.49603174603 0.0 0.0 0.0 0.0 0.0
6 0.00988 5.94331983806 0.0 0.0 0.0 0.0 0.0
7 0.00988 4.62348178138 0.0 0.0 0.0 0.0 0.0
8 0.01036 5.79150579151 0.0 0.0 0.0 0.0 0.0
9 0.01088 5.79044117647 0.0 0.0 0.0 0.0 0.0
10 0.01024 5.9375 0.0 0.0 0.0 0.0 0.0
11 0.00908 6.0 0.0 0.0 0.0 0.0 0.0
12 0.01136 6.11267605634 0.0 0.0 0.0 0.0 0.0
13 0.00928 6.48275862069 0.0 0.0 0.0 0.0 0.0
14 0.01052 6.22813688213 0.0 0.0 0.0 0.0 0.0
15 0.01032 6.19379844961 0.0 0.0 0.0 0.0 0.0
16 0.01 6.028 0.0 0.0 0.0 0.0 0.0
17 0.00856 4.90186915888 0.0 0.0 0.0 0.0 0.0
18 0.00972 6.28395061728 0.0 0.0 0.0 0.0 0.0
19 0.00964 6.0622406639 0.0 0.0 0.0 0.0 0.0
B 20 0.01 5000 5
0.20196
5.85125767479
0 0.00944 3.33474576271 0.0 0.0 0.0 0.0 0.0
1 0.01116 4.10752688172 0.0 0.0 0.0 0.0 0.0
2 0.01012 7.91304347826 0.0 0.0 0.0 0.0 0.0
3 0.01048 4.10305343511 0.0 0.0 0.0 0.0 0.0
4 0.009 3.68888888889 0.0 0.0 0.0 0.0 0.0
5 0.00924 12.9956709957 0.0 0.0 0.0 0.0 0.0
6 0.00964 11.6639004149 0.0 0.0 0.0 0.0 0.0
7 0.01164 3.62199312715 0.0 0.0 0.0 0.0 0.0
8 0.00992 3.91129032258 0.0 0.0 0.0 0.0 0.0
9 0.01 3.328 0.0 0.0 0.0 0.0 0.0
10 0.0092 4.0 0.0 0.0 0.0 0.0 0.0
11 0.0098 3.8 0.0 0.0 0.0 0.0 0.0
12 0.01012 5.1976284585 0.0 0.0 0.0 0.0 0.0
13 0.0102 22.3176470588 0.0 0.0 0.0 0.0 0.0
14 0.01044 4.08045977011 0.0 0.0 0.0 0.0 0.0
15 0.01076 3.90706319703 0.0 0.0 0.0 0.0 0.0
16 0.0106 3.96981132075 0.0 0.0 0.0 0.0 0.0
17 0.01064 4.08270676692 0.0 0.0 0.0 0.0 0.0
18 0.0092 3.48260869565 0.0 0.0 0.0 0.0 0.0
19 0.01036 4.33204633205 0.0 0.0 0.0 0.0 0.0
T 20 0.01 5000 5
0.194
6.00639175258
0 0.00936 6.48717948718 0.0 0.0 0.0 0.0 0.0
1 0.01 5.108 0.0 0.0 0.0 0.0 0.0
2 0.00964 6.61410788382 0.0 0.0 0.0 0.0 0.0
3 0.00884 5.47963800905 0.0 0.0 0.00729927007299 0.0 0.0
4 0.00948 5.43037974684 0.0 0.0 0.0 0.0 0.0
5 0.00944 5.10593220339 0.0 0.0 0.0 0.0 0.0
6 0.00868 6.28571428571 0.0 0.0 0.0 0.0 0.0
7 0.00976 4.99590163934 0.0 0.0108695652174 0.0 0.0 0.0
8 0.00924 4.70995670996 0.0 0.0 0.0 0.0 0.0
9 0.00984 6.66260162602 0.0 0.0 0.00671140939597 0.0 0.0
10 0.0096 6.79166666667 0.0 0.0 0.0 0.0 0.0
11 0.01 5.364 0.0 0.0 0.0 0.0 0.0
12 0.00988 7.21862348178 0.0 0.0 0.0 0.0 0.0
13 0.01028 7.26070038911 0.0 0.0 0.0 0.0 0.00772200772201
14 0.00952 5.04201680672 0.0 0.0 0.0 0.0 0.0
15 0.00972 7.25514403292 0.0 0.0 0.0 0.0 0.0
16 0.0096 6.15416666667 0.0 0.0 0.0 0.0 0.0
17 0.01036 5.03861003861 0.0 0.0 0.0 0.0 0.0
18 0.01 4.984 0.0 0.0 0.0 0.0 0.0
19 0.01076 7.87360594796 0.0 0.0 0.0 0.0 0.0
P 20 0.01 5000 5
0.19128
9.77854454203
0 0.00908 8.82378854626 0.0 0.0 0.00675675675676 0.0 0.0
1 0.00896 10.7901785714 0.0 0.0 0.0 0.0 0.00444444444444
2 0.00928 7.71120689655 0.0 0.0 0.0 0.0 0.00429184549356
3 0.01012 6.85770750988 0.0 0.0 0.0 0.0 0.0
4 0.00976 12.8483606557 0.0192307692308 0.0 0.0 0.0 0.0
5 0.0092 12.3739130435 0.0 0.0 0.0 0.0 0.0
6 0.00968 10.0950413223 0.0243902439024 0.0 0.0 0.0 0.0
7 0.00972 10.8847736626 0.0 0.0 0.0 0.0 0.0
8 0.00928 6.25862068966 0.0 0.0 0.0 0.0 0.0
9 0.00956 9.80753138075 0.02 0.0 0.0 0.0 0.0
10 0.01036 10.2586872587 0.0 0.00990099009901 0.0 0.0 0.0
11 0.00952 9.76890756303 0.0 0.0 0.0 0.0 0.0
12 0.00876 9.55251141553 0.0 0.0 0.0 0.0 0.0
13 0.00908 10.7004405286 0.0 0.0 0.0 0.0 0.0
14 0.00848 12.2971698113 0.0 0.0 0.0 0.0 0.0
15 0.01064 9.53759398496 0.0 0.010101010101 0.0 0.0 0.00746268656716
16 0.01044 8.51724137931 0.0175438596491 0.00900900900901 0.0 0.0 0.0
17 0.00952 8.49159663866 0.0 0.0 0.0 0.0 0.0
18 0.0102 10.9254901961 0.0 0.0 0.0 0.0 0.0
19 0.00964 9.4398340249 0.0 0.020618556701 0.0 0.0 0.0
I 20 0.01 5000 5
0.20072
5.82204065365
0 0.01088 6.23529411765 0.0 0.0 0.0 0.0 0.003663003663
1 0.01088 5.20588235294 0.0 0.0 0.0 0.0 0.0
2 0.00888 5.85135135135 0.0 0.0 0.0 0.0 0.0
3 0.0104 6.27307692308 0.0 0.00990099009901 0.0 0.0 0.0
4 0.01012 6.18577075099 0.0 0.0 0.0 0.0 0.0
5 0.0102 6.27843137255 0.0 0.0 0.0 0.0 0.00390625
6 0.00984 5.59756097561 0.0 0.0 0.0 0.0 0.00404858299595
7 0.00976 5.8893442623 0.0 0.0 0.0 0.0 0.0
8 0.01024 4.4921875 0.0 0.0 0.0 0.0 0.0
9 0.01004 5.89641434263 0.0 0.0 0.0 0.0 0.0
10 0.00992 5.65725806452 0.0 0.0 0.0 0.0 0.0
11 0.00984 5.56097560976 0.0 0.0 0.0 0.0 0.0
12 0.011 7.62181818182 0.0 0.0 0.0 0.0 0.0
13 0.0106 6.01132075472 0.0 0.0 0.0 0.0 0.0
14 0.00972 6.03703703704 0.0 0.0 0.0 0.0 0.0
15 0.00888 5.38288288288 0.0 0.0 0.0 0.0 0.00448430493274
16 0.01048 5.75572519084 0.0 0.0 0.0 0.0 0.0
17 0.0094 5.76170212766 0.0 0.0 0.0 0.0 0.0
18 0.00992 5.52822580645 0.0 0.0 0.0 0.0 0.0
19 0.00972 4.97119341564 0.0 0.0 0.0 0.0 0.0
B 20 0.01 5000 5
0.20068
4.0667729719
0 0.00928 3.69396551724 0.0 0.0 0.0 0.0 0.0
1 0.0106 3.67169811321 0.0 0.0 0.0 0.0 0.0
2 0.00916 4.05240174672 0.0 0.0 0.0 0.0 0.0
3 0.01044 3.93103448276 0.0 0.0 0.0 0.0 0.0
4 0.0098 4.13469387755 0.0 0.0 0.0 0.0 0.0
5 0.01068 5.56928838951 0.0 0.0 0.0 0.0 0.0
6 0.01064 3.92481203008 0.0 0.0 0.0 0.0 0.0
7 0.01084 3.85977859779 0.0 0.0 0.0 0.0 0.0
8 0.00992 4.33467741935 0.0 0.0 0.0 0.00505050505051 0.0
9 0.00956 3.71966527197 0.0 0.0 0.0 0.00534759358289 0.0
10 0.0094 6.10638297872 0.0 0.0 0.0 0.0 0.0
11 0.01108 4.64981949458 0.0 0.0 0.0 0.0 0.0
12 0.00996 3.41767068273 0.0 0.0 0.0 0.0 0.0
13 0.00884 3.34841628959 0.0 0.0 0.0 0.0 0.0
14 0.01 4.528 0.0 0.0 0.0 0.0 0.0
15 0.01016 3.25984251969 0.0 0.0 0.0 0.0 0.0
16 0.00932 3.61802575107 0.0 0.0 0.0 0.0 0.0
17 0.01064 3.56766917293 0.0 0.0 0.0 0.0 0.0
18 0.0102 3.65098039216 0.0 0.0 0.0 0.0 0.0
19 0.01016 4.20472440945 0.0 0.0 0.0 0.0 0.0
P 20 0.01 5000 5
0.199
11.0633165829
0 0.00972 12.3621399177 0.0 0.0 0.0 0.0 0.0
1 0.0104 8.53846153846 0.0 0.0 0.0 0.0 0.0
2 0.00884 14.2262443439 0.0 0.0 0.00735294117647 0.0 0.0
3 0.0102 8.07843137255 0.0 0.01 0.0 0.0 0.0
4 0.01004 9.90438247012 0.0 0.0208333333333 0.0 0.0 0.0
5 0.01016 9.88976377953 0.0 0.0 0.0 0.0 0.0
6 0.009 14.7022222222 0.0 0.0 0.0 0.0 0.00442477876106
7 0.00968 11.2933884298 0.0 0.0 0.0 0.0 0.0
8 0.00932 10.4892703863 0.0 0.0 0.0 0.0 0.0
9 0.01032 16.515503876 0.0 0.0 0.00617283950617 0.0 0.0
10 0.0096 13.75 0.0 0.0 0.0 0.0 0.0
11 0.00984 11.0894308943 0.0 0.0 0.0 0.0 0.0
12 0.011 12.2545454545 0.0 0.0 0.0059880239521 0.0 0.0
13 0.01076 9.4126394052 0.0 0.0 0.0 0.0 0.0
14 0.00964 11.1452282158 0.0 0.0102040816327 0.0 0.0 0.0
15 0.0104 8.64615384615 0.0 0.00970873786408 0.00645161290323 0.0 0.0
16 0.01012 9.83399209486 0.0 0.00793650793651 0.0 0.0 0.0
17 0.00992 9.77419354839 0.0 0.0 0.0 0.0 0.0
18 0.00988 9.34412955466 0.0 0.0 0.0 0.0 0.0
19 0.01016 10.9606299213 0.0 0.0 0.0 0.0 0.0
I 20 0.01 5000 5
0.20244
5.69590989923
0 0.01092 5.45421245421 0.0 0.00884955752212 0.0 0.0 0.0
1 0.0088 6.28181818182 0.0 0.0 0.0 0.0 0.0
2 0.01144 5.76573426573 0.0 0.0 0.0 0.0 0.0
3 0.01044 6.28735632184 0.0 0.0 0.0 0.0 0.0
4 0.01016 5.11023622047 0.0 0.0 0.0 0.0 0.00392156862745
5 0.01032 5.79069767442 0.0 0.0 0.0 0.0 0.0
6 0.01004 5.18725099602 0.0 0.0 0.00662251655629 0.0 0.0
7 0.00988 5.45344129555 0.0 0.0 0.0 0.0 0.0
8 0.00988 5.66396761134 0.0 0.0 0.0 0.0 0.0
9 0.011 5.57454545455 0.0 0.0 0.0 0.0 0.0
10 0.00976 6.78278688525 0.0 0.0 0.0 0.0 0.0
11 0.00968 5.19834710744 0.0 0.0 0.0 0.0 0.0
12 0.01064 5.87593984962 0.0 0.0 0.0 0.0 0.0
13 0.00944 5.08474576271 0.0 0.0 0.0 0.0 0.0
14 0.01016 5.9842519685 0.0 0.00909090909091 0.0 0.0 0.0
15 0.0108 5.45185185185 0.0 0.010989010989 0.0 0.0 0.0
16 0.0092 5.99130434783 0.0 0.0 0.0 0.0 0.0
17 0.00928 5.91810344828 0.0 0.0 0.0 0.00507614213198 0.0
18 0.01028 6.34630350195 0.0 0.0 0.0 0.0 0.0
19 0.01032 4.81782945736 0.0 0.0 0.0 0.0 0.0
B 20 0.01 5000 5
0.1998
3.71851851852
0 0.01048 3.90839694656 0.0 0.0 0.0 0.0 0.0
1 0.0104 4.04230769231 0.0 0.0 0.0 0.0 0.0
2 0.01064 3.7030075188 0.0 0.0 0.0 0.0 0.0
3 0.01 3.5 0.0 0.0 0.0 0.0 0.0
4 0.01016 3.54724409449 0.0181818181818 0.0 0.0 0.0 0.0
5 0.00984 3.15853658537 0.0 0.0104166666667 0.0 0.0 0.0
6 0.009 3.52888888889 0.0 0.0 0.0 0.0 0.0
7 0.01008 3.14682539683 0.0196078431373 0.0 0.0 0.0 0.0
8 0.01036 3.71428571429 0.0 0.0 0.0 0.0 0.0
9 0.009 2.66666666667 0.0 0.0 0.0 0.0 0.0
10 0.01016 3.51181102362 0.0196078431373 0.0 0.0 0.0 0.0
11 0.0102 4.20392156863 0.0178571428571 0.0 0.0 0.0 0.0
12 0.01024 4.1796875 0.0 0.0 0.0 0.0 0.0
13 0.01036 4.04247104247 0.0 0.0 0.0 0.0 0.0
14 0.00896 3.93303571429 0.0 0.0 0.0 0.0 0.0
15 0.00948 3.68776371308 0.0 0.0 0.0 0.0 0.0
16 0.01044 4.19157088123 0.0 0.0106382978723 0.0 0.0 0.0
17 0.0092 3.4652173913 0.0 0.0 0.0 0.0 0.0
18 0.01032 3.53488372093 0.0 0.0 0.0 0.0 0.0
19 0.01048 4.47709923664 0.0 0.0 0.0 0.0 0.0
T 20 0.01 5000 5
0.20664
6.58226867983
0 0.00884 4.82805429864 0.0 0.0 0.0 0.0 0.0
1 0.0106 6.18867924528 0.0 0.0 0.0 0.0 0.00375939849624
2 0.01104 5.45652173913 0.0 0.0 0.0 0.0 0.0
3 0.00944 7.60169491525 0.0 0.0 0.0 0.0 0.0042194092827
4 0.01012 4.85770750988 0.0 0.0 0.0 0.0 0.0
5 0.0104 5.70384615385 0.0 0.0 0.0 0.0 0.0
6 0.01104 6.84057971014 0.0 0.0 0.0 0.0 0.0
7 0.01116 6.60573476703 0.0 0.0 0.0 0.0 0.0
8 0.01096 5.98905109489 0.0 0.0 0.0 0.0 0.0
9 0.01012 9.10276679842 0.0 0.0 0.0 0.010152284264 0.0
10 0.01016 8.83070866142 0.0 0.0 0.0 0.0 0.0
11 0.01064 6.08646616541 0.0 0.0 0.0 0.0 0.0
12 0.01132 7.60424028269 0.0 0.0 0.0 0.0 0.0
13 0.01016 6.07086614173 0.0 0.0 0.0 0.0 0.0
14 0.01016 5.91338582677 0.0 0.0 0.0 0.0 0.0
15 0.01 5.732 0.0 0.0 0.0 0.0 0.0
16 0.01 6.168 0.0 0.0 0.0 0.0 0.0
17 0.01004 8.58565737052 0.0 0.0 0.0 0.0 0.0
18 0.01 6.108 0.0 0.0 0.0 0.0 0.0
19 0.01044 7.26053639847 0.0 0.0 0.0 0.0 0.0
P 20 0.01 50 5
0.188
4.3829787234
0 0.004 5.0 0.0 0.5 0.0 0.0 0.0
1 0.004 18.0 0.0 1.0 0.0 0.0 0.0
2 0.008 2.0 0.0 0.0 0.0 0.0 0.0
3 0.012 2.0 0.0 0.0 0.0 0.0 0.0
4 0.004 26.0 0.0 0.0 0.0 0.0 0.0
5 0.008 2.0 0.0 0.0 0.0 0.0 0.5
6 0.016 2.0 0.0 0.0 0.0 0.0 0.2
7 0.004 2.0 0.0 0.0 0.0 0.0 0.5
8 0.008 2.0 0.0 0.0 0.0 0.0 0.0
9 0.02 4.6 0.0 0.0 0.0 0.0 0.166666666667
10 0.02 4.4 0.0 0.0 0.0 0.0 0.0
11 0.008 2.0 0.0 0.0 0.0 0.0 0.0
12 0.016 2.0 0.0 0.0 0.0 0.0 0.2
P 20 0.01 50 5
0.192
3.77083333333
0 0.004 2.0 0.0 0.0 0.0 0.0 0.0
1 0.004 17.0 0.0 0.0 0.0 0.0 0.0
2 0.012 2.0 0.0 0.0 0.0 0.0 0.0
3 0.016 2.0 0.0 0.0 0.0 0.0 0.0
4 0.012 15.0 0.0 0.0 0.0 0.0 0.0
5 0.008 2.0 0.0 0.0 0.0 0.0 0.0
6 0.008 2.0 0.0 0.0 0.0 0.0 0.0
7 0.012 2.0 0.0 0.0 0.333333333333 0.0 0.0
8 0.008 3.0 0.0 0.0 0.0 0.0 0.0
9 0.004 2.0 0.0 0.0 0.0 0.0 0.0
10 0.016 2.0 0.0 0.0 0.0 0.0 0.0
11 0.012 2.0 0.0 0.0 0.0 0.0 0.0
12 0.004 2.0 0.0 0.0 0.0 0.0 0.0
13 0.02 2.0 0.0 0.0 0.0 0.0 0.0
14 0.004 2.0 0.0 0.0 0.0 0.0 0.0
15 0.012 2.0 0.0 0.0 0.0 0.0 0.0
16 0.012 2.0 0.0 0.0 0.0 0.0 0.25
17 0.008 16.5 0.0 0.0 0.0 0.0 0.0
18 0.004 2.0 0.0 0.0 0.0 0.0 0.0
19 0.012 2.0 0.0 0.0 0.0 0.0 0.0
I 20 0.01 50 5
0.208
5.51923076923
0 0.012 8.66666666667 0.0 0.0 0.0 0.0 0.0
1 0.004 2.0 0.0 0.0 0.0 0.0 0.0
2 0.012 2.0 0.0 0.0 0.0 0.333333333333 0.25
3 0.008 2.0 0.0 0.0 0.5 0.0 0.0
4 0.004 2.0 0.0 0.0 0.0 0.0 0.0
5 0.004 8.0 0.0 0.0 0.0 0.0 0.0
6 0.02 5.4 0.0 0.0 0.0 0.25 0.0
7 0.016 2.0 0.0 0.0 0.333333333333 0.333333333333 0.0
8 0.012 2.0 0.0 0.0 0.0 0.0 0.0
9 0.008 2.0 0.0 0.0 0.0 0.0 0.0
10 0.016 9.75 0.0 0.0 0.0 0.0 0.0
11 0.008 2.0 0.0 0.0 0.0 0.0 0.0
12 0.008 2.0 0.0 0.0 0.0 0.0 0.0
13 0.004 2.0 0.0 0.0 0.0 0.0 0.0
14 0.032 13.875 0.0 0.0 0.0 0.25 0.0
15 0.008 2.0 0.0 0.0 0.0 0.0 0.0
16 0.004 2.0 0.0 0.0 0.0 0.0 0.0
17 0.012 6.66666666667 0.0 0.0 0.0 0.0 0.0
18 0.008 2.0 0.0 0.0 0.0 0.0 0.0
19 0.008 2.0 0.0 0.0 0.0 0.0 0.0
B 20 0.01 50 5
0.204
2.82352941176
0 0.008 2.0 0.0 0.0 0.0 0.0 0.0
1 0.008 2.0 0.0 0.0 0.0 0.0 0.0
2 0.012 2.0 0.0 0.0 0.0 0.0 0.0
3 0.008 5.0 0.0 0.0 0.0 0.0 0.0
4 0.004 3.0 0.0 0.0 0.0 0.0 0.0
5 0.016 5.5 0.0 0.0 0.0 0.4 0.0
6 0.016 2.0 0.0 0.0 0.0 0.0 0.0
7 0.004 2.0 0.0 0.0 0.0 0.0 0.0
8 0.012 2.0 0.0 0.0 0.0 0.0 0.0
9 0.008 3.0 0.0 0.0 0.0 0.0 0.0
10 0.012 2.0 0.0 0.0 0.0 0.0 0.0
11 0.016 2.0 0.0 0.0 0.0 0.0 0.0
12 0.012 2.33333333333 0.0 0.0 0.0 0.4 0.0
13 0.004 2.0 0.0 0.0 0.0 0.0 0.0
14 0.004 2.0 0.0 0.0 0.0 0.0 0.0
15 0.004 2.0 0.0 0.0 0.0 0.0 0.0
16 0.016 4.5 0.0 0.0 0.0 0.0 0.0
17 0.004 2.0 0.0 0.0 0.0 0.0 0.0
18 0.024 2.66666666667 0.0 0.0 0.0 0.0 0.0
19 0.012 3.33333333333 0.0 0.0 0.0 0.0 0.0
T 20 0.01 50 5
0.188
2.65957446809
0 0.012 2.0 0.0 0.0 0.0 0.0 0.0
1 0.008 8.0 0.0 0.0 0.0 0.0 0.0
2 0.0 0.0 0.0 0.0 0.0 0.0 0.0
3 0.008 2.0 0.0 0.0 0.0 0.0 0.0
4 0.016 2.0 0.0 0.0 0.0 0.0 0.0
5 0.004 2.0 0.0 0.0 0.0 0.0 0.0
6 0.016 2.0 0.0 0.0 0.0 0.0 0.0
7 0.004 2.0 0.0 0.0 0.0 0.0 0.0
8 0.02 5.8 0.333333333333 0.0 0.0 0.0 0.0
9 0.004 2.0 0.0 0.0 0.0 0.0 0.0
10 0.02 2.0 0.0 0.0 0.0 0.0 0.0
11 0.008 2.0 0.0 0.0 0.0 0.0 0.0
12 0.008 2.0 0.0 0.0 0.0 0.0 0.0
13 0.016 2.0 0.0 0.0 0.0 0.0 0.0
14 0.0 0.0 0.0 0.0 0.0 0.0 0.0
15 0.004 2.0 0.0 0.0 0.0 0.0 0.0
16 0.028 2.0 0.0 0.0 0.0 0.0 0.0
17 0.0 0.0 0.0 0.0 0.0 0.0 0.0
18 0.004 2.0 0.0 0.0 0.0 0.0 0.0
19 0.008 2.0 0.0 0.0 0.0 0.0 0.0
T 20 0.01 50 5
0.216
4.31481481481
0 0.004 2.0 0.0 0.0 0.0 0.0 0.5
1 0.012 2.0 0.0 0.0 0.0 0.0 0.0
2 0.02 3.2 0.0 0.0 0.5 0.0 0.0
3 0.016 2.75 0.5 0.0 0.0 0.0 0.0
4 0.02 2.0 0.0 0.0 0.0 0.0 0.0
5 0.012 8.0 0.0 0.0 0.0 0.0 0.0
6 0.008 3.5 0.0 0.0 0.0 0.0 0.0
7 0.008 2.0 0.0 0.0 0.0 0.0 0.333333333333
8 0.012 8.33333333333 0.0 0.0 0.0 0.0 0.0
9 0.004 2.0 0.0 0.0 0.0 0.0 0.0
10 0.004 3.0 0.0 0.0 0.0 0.0 0.0
11 0.004 2.0 0.0 0.0 0.0 0.0 0.0
12 0.008 3.5 0.0 0.0 0.0 0.0 0.0
13 0.0 0.0 0.0 0.0 0.0 0.0 0.0
14 0.004 2.0 0.0 0.0 0.0 0.0 0.0
15 0.016 2.0 0.0 0.0 0.0 0.0 0.0
16 0.008 2.0 0.0 0.0 0.0 0.0 0.0
17 0.012 14.3333333333 0.5 0.0 0.333333333333 0.0 0.0
18 0.024 4.83333333333 0.0 0.0 0.0 0.0 0.0
19 0.02 5.6 0.0 0.0 0.0 0.0 0.0
T 20 0.01 50 5
0.028
2.14285714286
0 0.016 2.0 0.0 0.0 0.0 0.0 0.0
1 0.004 2.0 0.0 0.0 0.0 0.0 0.0
2 0.008 2.5 0.0 0.0 1.0 0.0 0.0
3 0.004 2.0 0.0 0.0 0.0 0.0 0.0
4 0.012 2.0 0.0 0.0 0.0 0.0 0.0
5 0.012 2.0 0.0 0.0 0.0 0.0 0.0
6 0.008 2.0 0.0 0.0 0.0 0.0 0.0
7 0.004 2.0 0.0 0.0 0.0 0.0 0.0
8 0.0 0.0 0.0 0.0 0.0 0.0 0.0
9 0.008 4.0 0.0 0.0 0.0 0.0 0.0
10 0.0 0.0 0.0 0.0 0.0 0.0 1.0
11 0.016 2.0 0.0 0.0 0.0 0.0 0.0
12 0.008 2.0 0.0 0.0 0.0 0.0 0.0
13 0.008 2.0 0.0 0.0 0.0 0.0 0.0
14 0.016 2.0 0.0 0.0 0.0 0.0 0.0
15 0.0 0.0 0.0 0.0 0.0 0.0 0.0
16 0.012 7.0 0.0 0.0 0.0 0.0 0.0
17 0.008 10.0 0.0 0.0 0.5 0.0 1.0
18 0.008 2.0 1.0 0.0 0.0 0.0 0.0
19 0.004 2.0 0.0 0.0 0.0 0.0 0.0
T 20 0.01 50 10
0.008
2.0
0 0.01 8.8 0.0 0.0 0.0 0.0 0.0 0.0 0.0 0.0 0.0 0.0
1 0.012 2.0 0.0 0.0 0.5 0.0 0.0 0.0 0.0 0.0 0.0 0.0
2 0.012 4.16666666667 0.0 0.0 0.0 0.0 0.0 0.0 0.0 0.0 0.0 0.0
3 0.002 11.0 0.0 0.0 0.0 0.0 0.0 0.0 0.0 0.0 0.0 0.0
4 0.008 2.0 0.0 0.0 0.0 0.0 0.0 0.0 0.0 0.0 0.0 0.0
5 0.01 9.0 0.0 0.0 0.0 0.0 0.0 0.0 0.0 0.0 0.0 0.0
6 0.006 2.0 0.0 0.0 0.0 0.0 0.0 0.0 0.0 0.0 0.0 0.0
7 0.016 2.0 0.0 0.0 0.0 0.0 0.0 0.0 0.0 0.0 0.0 0.0
8 0.01 3.0 0.0 0.0 0.0 0.0 0.0 0.0 0.0 0.0 0.0 0.0
9 0.01 2.2 0.0 0.0 0.0 0.0 0.0 0.0 0.0 0.0 0.0 0.0
10 0.012 2.33333333333 0.0 0.0 0.0 0.0 0.0 0.0 0.0 0.0 0.0 0.0
11 0.008 3.25 0.0 0.0 0.0 0.0 0.0 0.0 0.0 0.0 0.0 0.0
12 0.008 4.25 0.0 0.0 0.0 0.0 0.0 0.0 0.0 0.0 0.0 0.0
13 0.008 2.0 0.0 0.0 0.0 0.0 0.0 0.0 0.0 0.0 0.0 0.0
14 0.006 10.3333333333 0.0 0.0 0.0 0.5 0.0 0.0 0.0 0.0 0.0 0.0
15 0.002 2.0 0.0 0.0 1.0 0.0 0.0 0.0 0.0 0.0 0.0 0.0
16 0.012 6.83333333333 0.0 0.0 0.0 0.0 0.0 0.0 0.0 0.0 0.0 0.0
17 0.012 4.83333333333 0.0 0.0 0.0 0.0 0.0 0.0 0.0 0.0 0.0 0.0
18 0.012 2.0 0.0 0.0 0.0 0.0 0.0 0.0 0.0 0.0 0.0 0.0
19 0.012 2.0 0.0 1.0 0.0 0.0 0.0 0.0 0.0 0.0 0.0 0.0
T 20 0.01 50 3
0.0533333333333
5.875
0 0.02 6.0 0.0 0.0 0.5
1 0.0133333333333 2.0 0.0 0.0 0.0
2 0.0 0.0 0.0 0.0 0.0
3 0.0133333333333 2.0 0.0 0.0 0.0
4 0.0 0.0 0.0 0.0 0.0
5 0.0 0.0 0.0 0.0 0.0
6 0.00666666666667 2.0 0.0 0.0 0.0
7 0.0133333333333 11.5 0.0 0.0 0.5
8 0.0 0.0 0.0 0.0 0.0
9 0.0133333333333 2.0 0.0 0.0 0.0
10 0.0133333333333 2.0 0.0 0.0 0.0
11 0.00666666666667 2.0 0.0 0.0 0.0
12 0.0 0.0 0.0 0.0 0.0
13 0.0 0.0 0.0 0.0 0.0
14 0.02 2.0 0.0 0.0 0.0
15 0.0133333333333 2.0 0.0 0.0 0.0
16 0.00666666666667 2.0 0.0 0.0 0.0
17 0.0 0.0 0.0 0.0 0.0
18 0.00666666666667 2.0 0.0 0.0 0.0
19 0.00666666666667 2.0 0.0 0.0 0.0
T 20 0.01 50 3
0.0533333333333
13.5
0 0.0133333333333 18.0 0.0 0.0 0.5
1 0.0 0.0 0.0 0.0 0.0
2 0.00666666666667 1.0 0.0 0.0 0.0
3 0.00666666666667 16.0 0.0 0.0 0.0
4 0.00666666666667 13.0 0.0 0.0 0.0
5 0.0 0.0 0.0 0.0 0.0
6 0.0 0.0 0.0 0.0 0.0
7 0.0 0.0 0.0 0.0 0.0
8 0.0 0.0 0.0 0.0 0.0
9 0.00666666666667 1.0 0.0 0.0 0.0
10 0.00666666666667 10.0 1.0 0.0 0.0
11 0.00666666666667 11.0 0.0 0.0 0.0
12 0.00666666666667 4.0 0.0 0.0 0.0
13 0.0133333333333 15.0 0.0 0.0 1.0
14 0.0133333333333 11.5 0.0 0.0 0.0
15 0.0 0.0 0.0 0.0 0.0
16 0.0133333333333 11.0 0.0 0.0 0.0
17 0.02 17.0 1.0 0.0 0.75
18 0.0 0.0 0.0 0.0 0.0
19 0.02 10.6666666667 0.333333333333 1.0 0.0
T 20 0.01 50 5
0.02
11.0
0 0.004 16.0 0.0 0.5 0.0 0.0 0.0
1 0.0 0.0 0.0 0.0 1.0 0.0 0.0
2 0.016 6.25 0.0 0.0 0.5 0.0 0.0
3 0.016 14.25 0.0 0.0 0.333333333333 0.0 0.0
4 0.016 4.75 0.0 0.0 0.0 0.0 0.0
5 0.008 8.0 0.0 0.0 0.0 0.0 0.0
6 0.008 3.5 0.0 0.0 0.0 0.0 0.0
7 0.004 15.0 0.0 0.0 0.0 0.0 0.0
8 0.004 7.0 0.0 0.0 0.0 0.0 0.0
9 0.008 1.5 0.0 0.0 0.0 0.0 0.0
10 0.004 3.0 0.0 0.0 0.0 0.0 0.0
11 0.008 11.0 0.0 0.0 1.0 0.0 0.0
12 0.0 0.0 0.0 0.0 0.0 0.0 0.0
13 0.004 15.0 0.0 1.0 1.0 0.0 0.0
14 0.008 16.0 0.666666666667 0.0 0.0 0.0 0.0
15 0.008 7.5 0.0 0.0 1.0 0.0 1.0
16 0.004 8.0 0.5 0.0 0.0 0.0 0.0
17 0.008 5.5 0.0 0.0 0.0 0.5 0.0
18 0.016 9.0 0.0 0.0 0.0 0.0 0.0
19 0.008 12.0 1.0 0.0 0.0 0.0 0.0
T 20 0.01 50 50
0.0028
9.42857142857
0 0.0076 8.89473684211 0.0 0.0 0.0 0.0 0.0 0.5 0.0 0.0 0.0 0.0 0.0 0.0 0.0 0.0 0.0 0.0 0.0 0.0 0.5 0.0 1.0 0.666666666667 0.0 0.0 0.0 0.0 1.0 0.0 0.0 0.0 0.0 1.0 0.0 0.0 0.0 0.0 0.0 0.0 0.0 0.0 0.0 0.0 0.0 0.0 0.0 0.0 0.0 0.0 0.5 0.0
1 0.0088 11.9090909091 0.0 0.0 0.0 0.0 0.0 0.0 0.0 0.0 0.0 0.0 0.0 0.0 0.0 0.0 0.0 0.0 0.0 0.0 0.0 0.0 0.0 0.0 0.0 0.0 0.0 0.0 0.0 0.0 0.5 0.0 0.0 0.0 0.0 0.0 0.0 0.0 0.0 0.0 0.5 0.0 1.0 0.0 0.0 0.0 0.0 0.0 0.0 0.0 0.0 0.0
2 0.0096 11.0416666667 0.0 1.0 0.0 0.0 0.0 0.0 0.0 1.0 0.0 0.0 0.0 0.0 0.0 0.0 0.0 0.0 0.0 0.0 0.0 0.0 0.0 0.0 0.0 0.0 0.0 0.0 0.0 0.0 0.0 0.0 0.0 0.0 0.0 0.0 0.0 0.0 0.0 0.0 0.0 0.0 0.0 0.0 0.0 0.0 0.0 0.0 0.0 0.0 0.0 0.0
3 0.0076 10.3157894737 0.0 0.0 0.0 0.0 0.0 1.0 0.0 0.0 0.0 0.0 0.0 0.0 0.0 0.0 0.0 0.0 0.0 0.0 0.0 0.0 0.5 0.0 0.0 0.0 1.0 0.0 0.0 0.0 0.0 0.0 0.0 0.0 0.0 0.0 0.0 0.0 0.0 0.0 0.0 0.0 0.0 0.0 0.0 0.0 0.0 0.0 0.0 0.0 0.0 0.0
4 0.0084 10.9047619048 0.0 0.0 0.0 0.0 0.0 0.0 0.0 0.0 0.0 0.0 0.0 0.0 0.0 0.0 0.0 0.0 0.0 0.0 0.0 0.0 0.0 0.0 0.0 0.0 0.0 0.0 0.0 0.0 0.0 0.0 0.0 0.0 0.0 0.0 0.0 0.0 0.0 0.0 0.0 0.0 0.0 0.0 1.0 0.0 0.0 0.0 0.0 0.0 0.0 0.0
5 0.0084 11.5714285714 0.0 0.0 0.0 0.0 0.0 0.0 0.0 0.0 0.0 0.0 0.0 0.0 0.333333333333 0.0 0.5 0.0 0.0 0.0 0.0 0.0 0.0 0.0 0.0 0.0 0.0 0.0 0.0 0.0 0.0 0.0 0.0 0.0 0.0 0.0 0.0 0.0 0.0 0.0 0.0 1.0 0.0 0.0 0.0 0.0 0.0 0.0 0.0 0.0 0.0 0.0
6 0.0092 8.47826086957 0.0 0.0 0.0 0.0 0.0 0.0 0.0 0.0 0.0 0.0 0.0 0.0 0.0 0.0 0.0 0.0 0.0 0.5 0.0 0.0 0.0 0.0 0.0 0.0 0.0 0.0 0.0 0.0 0.0 0.0 0.0 0.0 0.0 0.0 0.0 0.0 0.0 0.0 0.0 0.0 0.5 0.0 0.0 0.0 0.0 0.0 0.0 0.0 0.0 0.0
7 0.0088 12.3181818182 0.0 0.0 0.5 0.333333333333 0.0 0.0 0.0 0.0 0.0 0.0 0.0 0.0 0.0 0.0 0.0 0.333333333333 0.0 0.0 0.0 0.0 0.0 1.0 0.0 0.0 0.0 0.0 0.0 0.0 0.0 0.0 0.0 0.0 0.0 0.0 0.0 0.0 0.0 0.0 0.0 0.0 0.0 0.0 0.0 0.0 0.0 0.0 0.0 0.0 0.0 0.0
8 0.0088 7.59090909091 0.0 0.0 0.0 0.0 0.0 0.0 0.0 0.0 0.0 0.0 0.0 0.0 0.0 0.0 0.0 0.0 0.0 0.0 0.0 0.0 0.0 0.0 0.0 0.0 0.0 0.0 0.0 0.0 0.0 0.0 0.0 0.0 0.0 0.0 0.0 0.0 0.0 0.0 0.0 0.0 0.0 0.0 0.0 0.0 0.0 0.0 0.0 0.0 0.0 0.0
9 0.0076 10.6315789474 0.0 0.0 0.0 0.0 0.0 0.0 0.0 0.0 0.0 0.0 0.0 0.333333333333 0.0 0.0 0.0 0.0 0.0 0.0 0.0 0.0 0.0 0.0 0.0 0.0 0.0 0.0 0.0 0.0 0.0 0.0 0.0 0.0 0.0 0.0 0.0 0.0 0.0 0.0 0.0 0.0 0.0 0.0 0.0 0.0 0.0 0.0 0.0 0.0 0.0 0.0
10 0.0064 7.125 0.0 0.0 0.0 0.0 0.0 0.0 0.0 0.0 1.0 0.0 0.0 1.0 1.0 0.0 0.5 0.0 0.0 0.0 0.0 0.0 0.5 0.0 0.0 0.0 0.0 0.0 0.0 0.0 0.0 0.0 0.0 0.0 0.0 0.0 0.0 0.0 0.0 0.0 0.5 0.0 1.0 0.0 0.0 0.0 0.0 0.0 0.0 1.0 0.0 1.0
11 0.0052 11.0769230769 0.0 0.5 0.0 0.0 0.0 0.0 0.0 0.0 1.0 0.0 0.0 0.0 0.0 0.0 0.0 0.0 0.5 0.0 0.0 0.0 0.0 1.0 0.0 0.0 0.0 0.0 0.0 0.0 0.0 1.0 0.0 0.0 0.0 0.0 1.0 0.0 0.0 0.0 0.0 0.0 0.0 0.0 0.0 0.0 1.0 0.0 0.0 0.0 0.0 0.5
12 0.0048 8.5 0.0 1.0 0.0 0.0 0.0 0.0 0.0 0.0 0.0 0.5 1.0 0.0 0.0 0.0 1.0 0.0 0.0 0.0 0.5 0.0 0.0 0.0 0.0 1.0 0.0 0.0 0.0 1.0 0.0 1.0 0.0 0.0 0.0 0.0 0.0 0.0 0.0 0.5 0.0 0.0 0.0 0.0 0.0 0.0 0.0 1.0 0.0 0.0 0.0 1.0
13 0.0064 9.0 0.0 0.0 0.0 0.0 0.0 0.0 0.0 0.0 0.0 0.0 0.0 0.0 0.0 0.0 1.0 0.0 0.0 1.0 0.0 1.0 0.0 0.0 0.0 0.0 0.0 0.0 0.0 0.0 0.0 0.0 0.0 0.0 0.0 0.0 0.0 0.0 0.0 0.0 0.0 0.0 0.0 0.0 0.0 0.0 0.0 0.0 1.0 0.0 0.5 0.0
14 0.006 11.4 0.0 0.0 0.0 0.0 0.0 0.0 0.0 0.0 0.0 0.0 0.0 0.333333333333 0.0 0.0 0.0 0.0 0.0 0.0 0.0 0.0 0.0 0.0 0.0 0.0 0.0 0.0 0.0 0.0 0.0 0.0 0.0 0.0 0.0 0.0 0.0 0.0 0.5 0.0 1.0 0.0 0.0 0.0 0.0 0.0 0.0 0.0 0.0 0.0 0.0 0.0
15 0.0052 7.53846153846 1.0 0.0 0.0 0.0 0.0 0.0 0.0 0.0 0.0 0.0 0.0 0.0 0.0 0.5 0.0 0.0 0.0 0.0 0.0 0.0 0.0 0.0 0.0 0.0 1.0 0.0 0.0 0.0 0.0 1.0 0.0 0.0 0.0 0.0 0.0 0.0 0.0 0.0 1.0 0.5 0.0 0.0 0.0 0.0 0.0 0.0 0.0 0.0 0.0 0.0
16 0.0048 10.75 0.0 0.0 0.0 0.5 0.0 0.0 0.0 0.0 0.0 0.0 1.0 0.0 0.0 1.0 0.0 0.0 0.0 0.0 1.0 0.0 0.0 0.0 0.0 0.0 0.0 0.0 0.0 0.0 0.0 0.0 0.0 0.0 0.0 0.0 0.0 0.0 0.0 0.0 0.0 0.0 1.0 0.0 0.0 0.0 0.0 0.0 0.0 0.0 0.5 0.0
17 0.0052 9.76923076923 0.0 0.0 1.0 0.0 0.0 0.0 0.0 0.0 0.0 0.0 0.0 0.0 0.0 0.0 0.0 0.0 0.0 0.0 0.5 0.0 0.0 0.0 0.0 0.0 0.0 0.0 0.0 0.0 0.0 0.0 0.0 0.0 0.0 0.5 0.0 1.0 0.0 0.0 0.0 0.0 0.0 0.0 0.0 0.0 0.0 0.0 0.0 0.5 0.0 1.0
18 0.0076 9.68421052632 0.0 0.0 0.0 0.333333333333 0.0 0.0 0.0 0.0 0.0 0.0 0.0 0.0 0.0 0.0 0.0 1.0 1.0 0.0 0.0 0.0 0.0 0.0 0.0 0.0 1.0 0.0 0.0 0.0 0.0 0.0 0.0 0.0 0.0 0.0 0.0 0.0 0.0 0.5 0.0 0.0 0.0 0.0 0.0 0.0 0.0 0.0 0.0 0.0 0.0 0.0
19 0.0092 11.9130434783 0.0 0.0 0.0 0.0 0.0 0.0 0.0 0.0 0.0 0.0 0.0 0.0 0.0 0.0 0.5 0.0 0.0 0.0 0.0 0.0 0.0 0.0 0.0 1.0 1.0 0.5 0.0 0.0 1.0 0.0 0.0 0.0 0.0 0.0 0.0 0.0 0.0 0.0 0.0 0.0 0.0 1.0 0.0 0.0 0.0 0.0 0.0 0.0 0.0 0.0
T 20 0.01 5000 5
0.04044
13.0682492582
0 0.00964 12.4522821577 0.0192307692308 0.0 0.0 0.0263157894737 0.0
1 0.00968 12.5909090909 0.0 0.0 0.0 0.0243902439024 0.0
2 0.00888 12.9099099099 0.0 0.0 0.0 0.0185185185185 0.0
3 0.00932 11.8068669528 0.0 0.0 0.0 0.0 0.0
4 0.0104 14.5076923077 0.0 0.0 0.0 0.0 0.0
5 0.01064 12.8345864662 0.0 0.0 0.0 0.0 0.0196078431373
6 0.00944 13.7415254237 0.0232558139535 0.0377358490566 0.0 0.0 0.0
7 0.01016 12.5511811024 0.0 0.0 0.0 0.0222222222222 0.0161290322581
8 0.01024 12.9375 0.0 0.0 0.0 0.0 0.0
9 0.01016 12.3622047244 0.0 0.0 0.0 0.0 0.0
10 0.01108 12.7725631769 0.0 0.0 0.0 0.0 0.0
11 0.0094 11.9744680851 0.0 0.0 0.0 0.0 0.0
12 0.0104 13.3730769231 0.0 0.0192307692308 0.0 0.0 0.0
13 0.01052 13.0988593156 0.0175438596491 0.0 0.0 0.0 0.0185185185185
14 0.00952 12.2058823529 0.0 0.0 0.0 0.0 0.0
15 0.00908 12.2290748899 0.0 0.0 0.0 0.0 0.0
16 0.01164 13.8006872852 0.0 0.0 0.0 0.0 0.0
17 0.00872 13.7110091743 0.0 0.0 0.0 0.0217391304348 0.0
18 0.01084 13.4907749077 0.0 0.0 0.0 0.0 0.0
19 0.0096 12.4375 0.0 0.0 0.0 0.0 0.0
T 20 0.01 50000 5
0.039776
12.6751810137
0 0.009916 12.8717224687 0.0 0.0 0.0 0.0 0.0
1 0.01018 12.7367387033 0.0 0.0 0.0 0.0 0.0
2 0.00996 12.9751004016 0.0 0.0 0.0 0.00202839756592 0.0
3 0.01004 12.8880478088 0.0 0.0 0.0 0.00398406374502 0.0
4 0.0102 12.9580392157 0.0 0.0 0.0 0.0 0.0
5 0.010216 12.7227877839 0.0 0.0 0.0 0.0 0.0
6 0.009992 13.0868694956 0.0 0.0 0.0 0.0 0.0
7 0.009924 12.7585650947 0.0 0.0 0.0 0.0 0.00199600798403
8 0.00998 12.9486973948 0.00200400801603 0.0 0.0 0.0 0.0
9 0.009872 12.711102107 0.0 0.0 0.0 0.0 0.0
10 0.009828 12.7366707367 0.0 0.0 0.0 0.0 0.0
11 0.009732 12.4660912454 0.0 0.0 0.0 0.0 0.0
12 0.009984 13.2315705128 0.0 0.0 0.0 0.00216919739696 0.0
13 0.00974 12.9252566735 0.0 0.0 0.0 0.0 0.0
14 0.009856 13.0044642857 0.00202839756592 0.0 0.0 0.0 0.0
15 0.010076 13.0956728861 0.0 0.0 0.0 0.0 0.0
16 0.00996 12.6080321285 0.0 0.0 0.0 0.0 0.0
17 0.009984 13.203525641 0.0 0.0 0.0 0.0 0.0
18 0.009692 12.4927775485 0.0 0.0 0.0 0.0 0.0
19 0.010052 12.9697572622 0.0 0.0 0.0 0.0 0.0
P 20 0.01 50000 5
0.04028
9.68867924528
0 0.009968 9.48715890851 0.0 0.0 0.0 0.0 0.0
1 0.009772 10.1072451903 0.0 0.0 0.0 0.0 0.0
2 0.009844 10.2291751321 0.0 0.0 0.0 0.0 0.0
3 0.01038 9.79922928709 0.0 0.0 0.0 0.0 0.0
4 0.010184 11.1068342498 0.0 0.0 0.0 0.0 0.0
5 0.0101 11.6815841584 0.0 0.0 0.0 0.0 0.0
6 0.00986 10.1886409736 0.0 0.0 0.0 0.0 0.0
7 0.01028 11.0245136187 0.0 0.0 0.0 0.0 0.00362976406534
8 0.01006 11.3312127237 0.00199600798403 0.0 0.0 0.0 0.0
9 0.010084 9.54938516462 0.0 0.0 0.0 0.0 0.0
10 0.009648 9.43656716418 0.0 0.0 0.0 0.0 0.0
11 0.010092 11.6317875545 0.0 0.0 0.0 0.0 0.0
12 0.010096 11.6109350238 0.0 0.0 0.0 0.0 0.0
13 0.00974 9.28747433265 0.0 0.0 0.0 0.0 0.0
14 0.009992 10.3646917534 0.0 0.0 0.0 0.0 0.0
15 0.010384 10.9622496148 0.00196463654224 0.0 0.0 0.0 0.0
16 0.00988 9.60809716599 0.0 0.0 0.0 0.0 0.0
17 0.00968 10.4099173554 0.0 0.0 0.0 0.0 0.0
18 0.009876 9.26609963548 0.0 0.0 0.0 0.0 0.0
19 0.009776 10.579787234 0.0 0.0 0.0 0.0 0.0
I 20 0.01 50000 5
0.039956
4.7981779958
0 0.010168 4.79346970889 0.0 0.0 0.0 0.0 0.0
1 0.009892 4.35786494137 0.0 0.0 0.00221729490022 0.0 0.0
2 0.009856 4.70657467532 0.0 0.0 0.0 0.0 0.0
3 0.009696 4.86344884488 0.0 0.0 0.0 0.0 0.0
4 0.009864 4.23519870235 0.0 0.0 0.00196078431373 0.00194552529183 0.0
5 0.010332 4.73519163763 0.0 0.0 0.0 0.0 0.0
6 0.010032 4.53149920255 0.0 0.0 0.0 0.0 0.0
7 0.010036 4.53168593065 0.0 0.0 0.0 0.0 0.0
8 0.009892 4.37687019814 0.0 0.0 0.00199600798403 0.0 0.0
9 0.00944 4.45254237288 0.0 0.0 0.0 0.0 0.0
10 0.010016 4.69049520767 0.0 0.0 0.0020618556701 0.0 0.0
11 0.009916 4.75635336829 0.0 0.0 0.0 0.0 0.0
12 0.009944 4.97023330652 0.0 0.0 0.0 0.0 0.0
13 0.010136 4.52801894238 0.0 0.0 0.0 0.0 0.0
14 0.009964 4.95945403452 0.0 0.0 0.0 0.0 0.0
15 0.010092 5.00118906064 0.0 0.0 0.0 0.0 0.0
16 0.00988 4.48137651822 0.0 0.0 0.0 0.0 0.0
17 0.0101 4.63603960396 0.0 0.0 0.0 0.0 0.0
18 0.01008 4.78333333333 0.0 0.0 0.0 0.0 0.0
19 0.01006 4.83180914513 0.0 0.0 0.0 0.0 0.0
B 20 0.01 50000 5
0.040072
3.64463964863
0 0.010056 3.30827366746 0.0 0.0 0.0 0.0 0.0
1 0.010192 4.94309262166 0.0 0.0 0.0 0.0 0.0
2 0.009864 3.5198702352 0.0 0.0 0.0 0.0 0.0
3 0.009776 3.02700490998 0.0 0.0 0.0 0.0 0.0
4 0.01024 3.16484375 0.0 0.0 0.0 0.0 0.0
5 0.009784 2.66966475879 0.0 0.0 0.0 0.0 0.0
6 0.010032 3.12799043062 0.0 0.0 0.0 0.0 0.0
7 0.010172 2.86826582776 0.0 0.0 0.0 0.0 0.0
8 0.009924 2.86497380089 0.0 0.0 0.0 0.0 0.0
9 0.010112 3.21954113924 0.0 0.0 0.0 0.0 0.0
10 0.010036 3.08210442407 0.0 0.0 0.0 0.0 0.0
11 0.01014 3.16055226824 0.0 0.0 0.0 0.0 0.0
12 0.010232 4.16223612197 0.0 0.0 0.0 0.0 0.0
13 0.009776 4.39116202946 0.0 0.0 0.0 0.0 0.0
14 0.010112 3.34810126582 0.0 0.0 0.0 0.0 0.0
15 0.01012 4.63280632411 0.0 0.0 0.0 0.0 0.0
16 0.010108 3.60110803324 0.0 0.0 0.0 0.0 0.0
17 0.009968 3.18017656501 0.0 0.0 0.0 0.0 0.0
18 0.00968 3.22975206612 0.0 0.0 0.0 0.0 0.0
19 0.00982 3.03258655804 0.0 0.0 0.0 0.0 0.0
T 20 0.01 50000 5
0.039736
12.9740285887
0 0.009984 12.8950320513 0.0 0.0 0.00199203187251 0.00384615384615 0.0
1 0.009916 12.8225090762 0.0 0.0 0.0 0.00202429149798 0.0
2 0.009872 12.8691247974 0.0 0.0 0.00214592274678 0.0 0.0
3 0.010124 12.7044646385 0.0 0.0 0.0 0.0 0.0
4 0.010144 13.3375394322 0.0 0.0020964360587 0.0 0.00183486238532 0.0
5 0.010004 12.7049180328 0.0 0.00178890876565 0.00218818380744 0.0 0.0
6 0.009796 12.5839118007 0.0 0.0 0.001953125 0.0 0.0
7 0.010024 12.9752593775 0.0 0.0 0.0 0.0 0.0
8 0.009804 12.7662178703 0.00207468879668 0.0 0.0 0.0 0.0
9 0.010028 13.1340247308 0.002079002079 0.0 0.0 0.0 0.0
10 0.009996 12.9963985594 0.0 0.0 0.0 0.0 0.0
11 0.009884 12.9299878592 0.0 0.0 0.0 0.0 0.0
12 0.009696 12.5160891089 0.0 0.0 0.0020964360587 0.0 0.0
13 0.010272 13.0257009346 0.0 0.0 0.0 0.0 0.0
14 0.009816 13.1670741646 0.0 0.0 0.0 0.0 0.0
15 0.01 12.8316 0.0 0.0 0.0 0.0 0.0
16 0.010256 13.3709048362 0.0 0.0 0.0 0.0 0.0
17 0.010036 12.9095257075 0.0 0.0 0.0 0.0 0.0
18 0.009944 13.2864038616 0.0 0.0 0.0 0.0 0.0
19 0.010044 13.0075667065 0.0 0.0 0.0 0.0 0.0
