I 20 0.001 50000 5
0.004012
1.27716849452
0 0.001032 1.37984496124 0.0 0.0 0.0 0.0 0.0
1 0.001164 1.19587628866 0.0 0.0 0.0 0.0 0.0
2 0.000996 1.29317269076 0.0 0.0 0.0 0.0 0.0
3 0.000988 1.10931174089 0.0 0.0 0.0 0.0 0.0
4 0.001048 1.27099236641 0.0 0.0 0.0 0.0 0.0
5 0.000912 1.08771929825 0.0 0.0 0.0 0.0 0.0
6 0.00098 1.17959183673 0.0 0.0 0.0 0.0 0.0
7 0.001008 1.15079365079 0.0 0.0 0.0 0.0 0.0
8 0.00104 1.24230769231 0.0 0.0 0.0 0.0 0.0
9 0.00104 1.11923076923 0.0 0.0 0.0 0.0 0.0
10 0.001 1.272 0.0 0.0 0.0 0.0 0.0
11 0.000944 1.22881355932 0.0 0.0 0.0 0.0 0.0
12 0.00096 1.06666666667 0.0 0.0 0.0 0.0 0.0
13 0.001008 1.29365079365 0.0 0.0 0.0 0.0 0.0
14 0.000956 1.18410041841 0.0 0.0 0.0 0.0 0.0
15 0.000876 1.39726027397 0.0 0.0 0.0 0.0 0.0
16 0.00102 1.03137254902 0.0 0.0 0.0 0.0 0.0
17 0.000984 1.29268292683 0.0 0.0 0.0 0.0 0.0
18 0.000936 1.05982905983 0.0 0.0 0.0 0.0 0.0
19 0.00112 1.19285714286 0.0 0.0 0.0 0.0 0.0
I 20 0.002 50000 5
0.008172
1.41311796378
0 0.001956 1.36809815951 0.0 0.0 0.0 0.0 0.0
1 0.001996 1.36673346693 0.0 0.0 0.0 0.0 0.0
2 0.00226 1.51150442478 0.0 0.0 0.0 0.0 0.0
3 0.00198 1.47272727273 0.0 0.0 0.0 0.0 0.0
4 0.001968 1.42682926829 0.0 0.0 0.0 0.0 0.0
5 0.001988 1.39839034205 0.0 0.0 0.0 0.0 0.0
6 0.002048 1.3984375 0.0 0.0 0.0 0.0 0.0
7 0.001964 1.30753564155 0.0 0.0 0.0 0.0 0.0
8 0.002088 1.38505747126 0.0 0.0 0.0 0.0 0.0
9 0.001872 1.52136752137 0.0 0.0 0.0 0.0 0.0
10 0.001916 1.26513569937 0.0 0.0 0.0 0.0 0.0
11 0.001864 1.50858369099 0.0 0.0 0.0 0.0 0.0
12 0.002168 1.51660516605 0.0 0.0 0.0 0.0 0.0
13 0.002024 1.3162055336 0.0 0.0 0.0 0.0 0.0
14 0.0021 1.32761904762 0.0 0.0 0.0 0.0 0.0
15 0.002 1.46 0.0 0.0 0.0 0.0 0.0
16 0.001856 1.67672413793 0.0 0.0 0.0 0.0 0.0
17 0.002336 1.46404109589 0.0 0.0 0.0 0.0 0.0
18 0.001964 1.27291242363 0.0 0.0 0.0 0.0 0.0
19 0.00194 1.6412371134 0.0 0.0 0.0 0.0 0.0
I 20 0.003 50000 5
0.0122
1.64229508197
0 0.003008 1.57712765957 0.0 0.0 0.0 0.0 0.0
1 0.003036 1.5256916996 0.0 0.0 0.0 0.0 0.0
2 0.003204 1.76404494382 0.0 0.0 0.0 0.0 0.0
3 0.00292 1.75479452055 0.0 0.0 0.0 0.0 0.0
4 0.003044 1.99342969777 0.0 0.0 0.0 0.0 0.0
5 0.002976 1.6061827957 0.0 0.0 0.0 0.0 0.0
6 0.003068 1.69230769231 0.0 0.0 0.0 0.0 0.0
7 0.003008 1.78723404255 0.0 0.0 0.0 0.0 0.0
8 0.00282 1.87375886525 0.0 0.0 0.0 0.0 0.0
9 0.003136 1.71683673469 0.0 0.0 0.0 0.0 0.0
10 0.002976 1.51612903226 0.0 0.0 0.0 0.0 0.0
11 0.003004 1.51930758988 0.0 0.0 0.0 0.0 0.0
12 0.003044 1.6741130092 0.0 0.0 0.0 0.0 0.0
13 0.003208 1.73690773067 0.0 0.0 0.0 0.0 0.0
14 0.003112 1.72107969152 0.0 0.0 0.0 0.0 0.0
15 0.002888 1.56925207756 0.0 0.0 0.0 0.0 0.0
16 0.002932 1.73396998636 0.0 0.0 0.0 0.0 0.0
17 0.003048 1.67322834646 0.0 0.0 0.0 0.0 0.0
18 0.00306 1.72418300654 0.0 0.0 0.0 0.0 0.0
19 0.00294 1.54285714286 0.0 0.0 0.0 0.0 0.0
I 20 0.004 50000 5
0.016112
2.0777060576
0 0.00392 1.99489795918 0.0 0.0 0.0 0.0 0.0
1 0.004004 1.94505494505 0.0 0.0 0.0 0.0 0.0
2 0.0039 2.01948717949 0.0 0.0 0.0 0.0 0.0
3 0.004076 1.85574092247 0.0 0.0 0.0 0.0 0.0
4 0.0041 2.02048780488 0.0 0.0 0.0 0.0 0.0
5 0.00386 2.04352331606 0.0 0.0 0.0 0.0 0.0
6 0.004096 1.9638671875 0.0 0.00469483568075 0.0 0.0 0.0
7 0.003984 1.91967871486 0.0 0.00526315789474 0.0 0.0 0.0
8 0.00404 2.04257425743 0.0 0.0 0.0 0.0 0.0
9 0.00382 1.87539267016 0.0 0.0 0.0 0.0 0.0
10 0.003888 1.80555555556 0.0 0.0 0.0 0.0 0.0
11 0.003952 1.96862348178 0.0 0.0 0.0 0.0 0.0
12 0.00406 1.86009852217 0.0 0.0 0.0 0.0 0.0
13 0.003944 1.86511156187 0.0 0.0 0.0 0.0 0.0
14 0.004172 2.19654841802 0.0 0.0 0.0 0.0 0.0
15 0.004152 1.89884393064 0.0 0.0 0.0 0.0 0.0
16 0.003988 1.80942828485 0.0 0.0 0.0 0.0 0.0
17 0.004084 1.85994123408 0.0 0.0 0.0 0.0 0.0
18 0.003916 1.71501532176 0.0 0.0 0.0 0.0 0.0
19 0.004284 1.98039215686 0.0 0.0 0.0 0.0 0.0
I 20 0.005 50000 5
0.0202
2.31425742574
0 0.00492 2.53333333333 0.0 0.0 0.0 0.0 0.0
1 0.005112 2.18075117371 0.0 0.0 0.0 0.0 0.0
2 0.004916 2.23352318959 0.0 0.0 0.0 0.0 0.0
3 0.005144 2.52566096423 0.0 0.0 0.0 0.0 0.0
4 0.004912 2.41042345277 0.0 0.0 0.0 0.0 0.0
5 0.004876 2.26251025431 0.0 0.0 0.0 0.0 0.0
6 0.00492 2.14308943089 0.0 0.0 0.0 0.0 0.0
7 0.005076 2.35224586288 0.0 0.0 0.0 0.0 0.0
8 0.004964 2.11684125705 0.0 0.0 0.0 0.0 0.0
9 0.004956 2.22195318805 0.0 0.0 0.0 0.0 0.0
10 0.005116 2.28381548084 0.0 0.0 0.0 0.0 0.0
11 0.00502 2.45737051793 0.0 0.0 0.0 0.0 0.0
12 0.004872 2.32430213465 0.0 0.0 0.0 0.0 0.0
13 0.005016 2.3971291866 0.0 0.0 0.0 0.0 0.0
14 0.005024 2.14012738854 0.0 0.0 0.0 0.0 0.0
15 0.005196 2.51886066205 0.0 0.0 0.0 0.0 0.0
16 0.0049 2.1306122449 0.0 0.0 0.0 0.0 0.0
17 0.005104 2.20768025078 0.0 0.0 0.0 0.0 0.0
18 0.005028 2.10819411297 0.0 0.0 0.0 0.0 0.0
19 0.004796 2.30775646372 0.0 0.0 0.0 0.0 0.0
I 20 0.006 50000 5
0.024108
2.54488136718
0 0.005896 2.71981004071 0.0 0.0 0.0 0.0 0.0
1 0.006008 2.78162450067 0.0 0.0 0.0 0.0 0.0
2 0.00584 2.53561643836 0.0 0.0 0.0 0.0 0.0
3 0.005908 2.56872037915 0.0 0.0 0.0 0.0 0.0
4 0.006032 2.53050397878 0.0 0.0 0.0 0.0 0.0
5 0.006068 2.9057350033 0.0 0.0 0.0 0.0 0.0
6 0.005908 2.6932972241 0.0 0.0 0.0 0.0 0.0
7 0.005864 2.47135061392 0.0 0.0 0.0 0.0 0.0
8 0.006 2.482 0.0 0.0 0.0 0.0 0.0
9 0.006084 2.51873767258 0.0 0.0 0.0 0.0 0.0
10 0.005964 2.68075117371 0.0 0.0 0.0 0.0 0.0
11 0.006152 2.50390117035 0.0 0.0 0.0 0.0 0.0
12 0.006096 2.67782152231 0.0 0.0 0.0 0.0 0.0
13 0.006048 2.43716931217 0.0 0.0 0.0 0.00354609929078 0.0
14 0.005996 2.66310873916 0.0 0.0 0.0 0.0 0.0
15 0.005712 2.51610644258 0.0 0.0 0.0 0.0 0.0
16 0.006296 2.48284625159 0.0 0.0 0.0 0.0 0.0
17 0.006044 2.61283917935 0.0 0.0 0.0 0.0 0.0
18 0.006092 2.77872619829 0.0 0.0 0.0 0.00320512820513 0.0
19 0.005772 2.62300762301 0.0 0.0 0.0 0.0 0.0
I 20 0.007 50000 5
0.028344
3.03344623201
0 0.00674 2.91632047478 0.0 0.0 0.0 0.0 0.0
1 0.007272 2.75632563256 0.0 0.0 0.0 0.0 0.0
2 0.00702 3.29743589744 0.0 0.0 0.0 0.0 0.0
3 0.007288 3.11361141603 0.0 0.0 0.0 0.0 0.0
4 0.006736 3.12589073634 0.0 0.0 0.0 0.00284090909091 0.00292397660819
5 0.006904 2.93163383546 0.0 0.0 0.0 0.0 0.0
6 0.007416 3.35167206041 0.0 0.0 0.0 0.0 0.0
7 0.006964 3.12119471568 0.0 0.0 0.0 0.0 0.0
8 0.007116 3.08881394042 0.0 0.0 0.0 0.0 0.0
9 0.006936 2.85294117647 0.0 0.0 0.0 0.0 0.0
10 0.006936 3.08650519031 0.0 0.0 0.0 0.0 0.00306748466258
11 0.006848 2.97313084112 0.0 0.0 0.0 0.0 0.0
12 0.006996 3.16981132075 0.0 0.0 0.0 0.0 0.0
13 0.007116 3.12647554806 0.0 0.0 0.0 0.0 0.0
14 0.007108 3.09960607766 0.0 0.0 0.0 0.00268817204301 0.0
15 0.007012 2.86651454649 0.0 0.0 0.0 0.0 0.0
16 0.007088 2.9644469526 0.0 0.0 0.0 0.0 0.0
17 0.006888 2.89837398374 0.0 0.0 0.0 0.0 0.0
18 0.006904 3.4281575898 0.0 0.0 0.0 0.0 0.0
19 0.006924 2.98209127672 0.0 0.0 0.0 0.0 0.0
I 20 0.008 50000 5
0.032384
3.47504940711
0 0.008292 3.43608297154 0.0 0.0 0.0 0.0 0.0
1 0.007996 3.16808404202 0.0 0.0 0.0 0.0 0.0
2 0.008012 3.50624063904 0.0 0.0 0.0 0.0 0.0027027027027
3 0.00804 3.68606965174 0.0 0.0 0.0 0.0 0.0
4 0.007956 3.337355455 0.0 0.0 0.0 0.0 0.0
5 0.007796 3.59517701385 0.0 0.0 0.0 0.0 0.0
6 0.00816 3.36617647059 0.00263157894737 0.0 0.0 0.0 0.0
7 0.008188 3.36687835857 0.0 0.0 0.0 0.0 0.0
8 0.00832 3.76826923077 0.0 0.0 0.0 0.0 0.0
9 0.007904 3.2024291498 0.0 0.0 0.0 0.0 0.0
10 0.007564 3.42199894236 0.0 0.0 0.0 0.0 0.0
11 0.008028 3.46786248132 0.0 0.0 0.0 0.0 0.0
12 0.008148 3.28473244968 0.0 0.0 0.0 0.0 0.0
13 0.00794 3.31083123426 0.0 0.0 0.0 0.0 0.0
14 0.00802 3.23640897756 0.0 0.0 0.0 0.00243309002433 0.0
15 0.008088 3.41097922849 0.0 0.0 0.0 0.0 0.0
16 0.008056 3.46276067527 0.0 0.0 0.0 0.0 0.00506329113924
17 0.007916 3.50025265285 0.0 0.0 0.0 0.0 0.0
18 0.008132 3.38219380226 0.0 0.0 0.0 0.0 0.0
19 0.00776 3.36494845361 0.0 0.0 0.0 0.0 0.0
I 20 0.009 50000 5
0.036448
4.12664618086
0 0.009008 3.97735346359 0.00226757369615 0.0 0.0 0.0 0.0
1 0.009112 3.95215100966 0.0 0.0 0.0 0.0 0.0
2 0.009156 3.82961992136 0.0 0.0 0.0 0.0 0.0
3 0.009028 4.13513513514 0.0 0.0 0.0 0.0 0.0
4 0.009108 4.06543697848 0.0 0.0 0.0 0.0 0.0
5 0.009272 4.07420189819 0.0 0.0 0.0 0.0 0.0
6 0.008836 4.00045269353 0.0 0.0 0.0 0.0 0.0
7 0.009424 4.16808149406 0.0 0.0 0.0 0.0 0.0
8 0.00878 4.18223234624 0.0 0.0 0.0 0.0 0.0
9 0.009024 3.9454787234 0.00226757369615 0.0 0.0 0.0 0.0
10 0.009488 3.83558178752 0.0 0.0 0.0 0.00204081632653 0.0
11 0.008984 4.02894033838 0.0 0.0 0.0 0.0021978021978 0.0
12 0.008876 4.02703920685 0.0 0.0 0.0 0.0 0.0
13 0.00898 4.16213808463 0.0 0.0 0.0 0.0 0.0
14 0.008748 3.81893004115 0.0 0.0 0.0 0.0 0.0
15 0.009196 4.12005219661 0.0 0.0 0.0 0.0 0.0
16 0.008788 3.94629039599 0.0 0.0 0.0 0.0 0.0
17 0.009116 4.15884159719 0.0 0.0 0.0 0.0 0.0
18 0.008736 4.30402930403 0.0 0.0 0.0 0.0 0.0
19 0.008628 4.0876216968 0.0 0.0 0.0 0.0 0.0
I 20 0.01 50000 5
0.040576
4.84039826498
0 0.010272 5.08216510903 0.0 0.0 0.0 0.0 0.0
1 0.010016 5.30551118211 0.0 0.0 0.0 0.0 0.0
2 0.010176 4.73899371069 0.0 0.0 0.00205338809035 0.0 0.0
3 0.009852 5.00609013398 0.0 0.0 0.0 0.0 0.0
4 0.010076 4.43668122271 0.0 0.0 0.0 0.0 0.0
5 0.00994 4.42857142857 0.0 0.0 0.0 0.0 0.0
6 0.010232 5.03088350274 0.0 0.0 0.0 0.0 0.0
7 0.010432 4.45437116564 0.0 0.0 0.0 0.0 0.0
8 0.010196 4.80227540212 0.0 0.0 0.0 0.0 0.0
9 0.010128 4.48696682464 0.0 0.0 0.0 0.0 0.0
10 0.009904 4.6457996769 0.0 0.0 0.0 0.0 0.0
11 0.00972 4.86172839506 0.0 0.0 0.0 0.0 0.0
12 0.010156 4.60811343048 0.0 0.0 0.0 0.0 0.0
13 0.010048 4.66441082803 0.0 0.0 0.0 0.0 0.0
14 0.009992 4.63410728583 0.0 0.0 0.0 0.0 0.0
15 0.010072 4.47895154885 0.0 0.0 0.0 0.0 0.0
16 0.00972 4.55843621399 0.0 0.0 0.0 0.0 0.0
17 0.009728 4.58881578947 0.0 0.0 0.0 0.00201207243461 0.0
18 0.009984 4.8577724359 0.0 0.0 0.0 0.0 0.0
19 0.009804 4.56262749898 0.0 0.0 0.0 0.0 0.0
I 20 0.011 50000 5
0.04458
5.28147151189
0 0.010996 5.20589305202 0.0 0.0 0.0 0.0 0.0
1 0.011148 5.11338356656 0.0 0.0 0.0 0.0 0.0
2 0.011036 5.07249003262 0.0018115942029 0.0 0.0 0.0 0.0
3 0.011112 5.39164866811 0.0 0.0 0.0 0.0 0.0
4 0.010852 5.50939918909 0.0 0.0 0.0 0.0 0.0
5 0.010916 5.55661414438 0.0 0.0 0.0 0.0 0.0
6 0.010944 5.54166666667 0.0 0.0 0.0 0.0 0.0
7 0.011048 4.98081100652 0.0 0.0 0.0 0.0 0.0
8 0.011404 5.13223430375 0.0 0.0 0.0 0.0 0.0
9 0.010776 5.47772828508 0.0 0.0 0.0 0.0 0.0
10 0.011056 5.39616497829 0.0017793594306 0.0 0.0 0.0 0.0
11 0.011204 5.2252766869 0.00168067226891 0.0 0.0 0.0 0.0
12 0.010772 5.01930932046 0.0 0.0 0.0 0.0 0.0
13 0.011072 5.34826589595 0.0 0.0 0.0 0.0 0.0
14 0.01076 5.0594795539 0.0 0.0 0.0 0.0 0.0
15 0.010988 5.35675282126 0.0 0.0 0.0 0.0 0.0
16 0.011004 5.1992002908 0.0 0.0 0.0 0.0 0.0
17 0.01112 4.89856115108 0.0 0.0 0.0 0.0 0.0
18 0.011328 5.37429378531 0.0 0.0 0.0 0.0 0.0
19 0.010816 5.00517751479 0.00201612903226 0.0 0.00165289256198 0.0 0.0
I 20 0.012 50000 5
0.048404
5.99099247996
0 0.0121 5.97289256198 0.0 0.0 0.0 0.0 0.0
1 0.011884 5.78391114103 0.0 0.0 0.0 0.0 0.0
2 0.011992 6.12708472315 0.0 0.0 0.0 0.0 0.00167224080268
3 0.0121 5.97289256198 0.0 0.0 0.0 0.0 0.00172711571675
4 0.012232 5.94931327665 0.0 0.0 0.0 0.0 0.0
5 0.01182 5.86971235195 0.0 0.0 0.0 0.0 0.0
6 0.012024 5.90153027279 0.0 0.0 0.0 0.0 0.0
7 0.012048 6.00697211155 0.0 0.0 0.0 0.0 0.0
8 0.012252 6.19229513549 0.0 0.0 0.0 0.0 0.0
9 0.012136 5.75115359262 0.0 0.0 0.0 0.0 0.0016077170418
10 0.011892 5.96838210562 0.0 0.0 0.0 0.0 0.00172117039587
11 0.012 5.91633333333 0.0 0.0 0.0 0.0 0.0
12 0.012324 6.09672184356 0.0 0.0 0.0 0.0 0.0
13 0.01168 5.90376712329 0.0 0.0 0.0 0.0 0.0
14 0.011648 6.27197802198 0.0 0.0 0.0 0.00181488203267 0.0
15 0.011956 5.97658079625 0.0 0.0 0.0 0.0 0.00305810397554
16 0.012232 6.17920209287 0.0 0.0 0.0 0.0 0.0
17 0.011996 5.72890963655 0.0 0.0 0.0 0.0 0.0
18 0.011876 6.5493432132 0.0 0.0 0.0 0.0016339869281 0.0
19 0.011868 5.44792719919 0.0 0.0 0.0 0.0 0.00164473684211
I 20 0.013 50000 5
0.0524
7.59748091603
0 0.013404 7.13339301701 0.0 0.0 0.0 0.0 0.00142247510669
1 0.01256 7.29299363057 0.0 0.00164203612479 0.0 0.0 0.00148367952522
2 0.013292 7.24375564249 0.0 0.00149700598802 0.0 0.0 0.0014684287812
3 0.013008 7.26906519065 0.0 0.0 0.0 0.0 0.0
4 0.012856 6.76509023024 0.00151515151515 0.0 0.0 0.0 0.0
5 0.013052 6.81520073552 0.0 0.0 0.0 0.0 0.00150829562594
6 0.0128 7.6053125 0.0 0.0 0.0 0.0 0.00155279503106
7 0.012456 6.8612716763 0.00597014925373 0.0 0.0 0.0 0.0
8 0.012736 7.38159547739 0.0 0.0 0.0 0.0 0.0
9 0.013008 7.40774907749 0.00162074554295 0.0 0.0 0.0 0.0
10 0.013116 7.57121073498 0.0 0.0 0.0 0.0 0.0
11 0.013028 7.05373042677 0.0 0.0 0.0 0.0 0.00294985250737
12 0.012656 7.11757269279 0.0 0.0 0.0 0.0 0.00162866449511
13 0.012976 7.06720098644 0.00155763239875 0.0 0.0 0.0 0.00157977883096
14 0.012876 7.47126436782 0.0 0.0 0.0 0.0 0.0
15 0.013256 7.57724803862 0.0 0.0 0.0 0.0 0.0
16 0.01322 7.05143721634 0.0 0.0 0.0 0.0 0.00292397660819
17 0.013136 7.23507917174 0.0 0.0 0.0 0.0 0.00147492625369
18 0.01322 7.423903177 0.0 0.0 0.0 0.0 0.0
19 0.013344 6.86300959233 0.00627943485086 0.0 0.0 0.0 0.0
I 20 0.014 50000 5
0.056724
9.083703547
0 0.013916 9.21270480023 0.0 0.0 0.0 0.0 0.0
1 0.013692 8.92521180251 0.0 0.0 0.0 0.0 0.0
2 0.014028 8.77872825777 0.0 0.0 0.0 0.0 0.0
3 0.014268 8.37734791141 0.0 0.0 0.0 0.0 0.0
4 0.013964 9.15382411916 0.0 0.0 0.00151975683891 0.0 0.0
5 0.013752 8.77137870855 0.0 0.0 0.0 0.0 0.0
6 0.014348 8.43323111235 0.0 0.002828854314 0.0 0.0 0.0013986013986
7 0.013932 8.27562446167 0.00138888888889 0.0 0.0 0.0 0.0
8 0.014356 8.75982167735 0.0 0.0 0.0 0.0 0.0
9 0.013392 8.79091995221 0.0 0.0 0.00154083204931 0.0 0.0
10 0.013692 9.21998247152 0.0 0.0 0.0 0.0 0.0
11 0.01378 8.64847605225 0.0 0.00151285930408 0.0 0.0 0.0
12 0.014204 8.65390030977 0.00278940027894 0.0 0.0 0.0 0.0
13 0.014156 8.4552133371 0.0 0.0 0.0 0.0 0.0
14 0.014024 8.6140901312 0.0 0.0 0.0 0.0 0.0
15 0.014152 8.76907857547 0.0 0.0014164305949 0.0 0.0 0.0
16 0.014192 9.40022547914 0.0 0.00146198830409 0.0 0.0 0.0
17 0.013956 8.43422184007 0.0 0.00134589502019 0.0 0.0 0.0
18 0.014408 8.90727373681 0.00154320987654 0.0 0.0 0.0 0.0
19 0.013936 8.62026406429 0.0 0.0 0.0 0.0 0.0
I 20 0.015 50000 5
0.060628
12.4003430758
0 0.014904 10.4661835749 0.0 0.0 0.0013037809648 0.0 0.0
1 0.014828 11.0391151875 0.0 0.0 0.0 0.0 0.0
2 0.01508 11.3047745358 0.00277392510402 0.00135317997294 0.0 0.0 0.0
3 0.014884 10.9145391024 0.0 0.00132100396301 0.0 0.0 0.0
4 0.014992 10.2027748132 0.0 0.00132100396301 0.0 0.0 0.0
5 0.014848 10.5350215517 0.0 0.00132100396301 0.0028818443804 0.0 0.0
6 0.014972 11.7125300561 0.0 0.0 0.0 0.0 0.0
7 0.014984 12.0339028297 0.0 0.00264900662252 0.0 0.0 0.0
8 0.01464 11.312568306 0.0 0.0 0.0025974025974 0.0 0.0
9 0.014896 11.0759935553 0.0 0.00134589502019 0.0 0.0 0.0
10 0.015144 11.2971473851 0.0 0.0 0.0 0.0 0.0
11 0.01496 10.4745989305 0.0 0.0 0.0 0.0 0.0
12 0.015204 10.6919231781 0.0 0.0 0.0 0.0 0.0
13 0.015368 11.1056741281 0.0 0.0 0.0 0.0 0.0
14 0.014984 10.8366257341 0.00128040973111 0.0 0.0 0.0 0.0
15 0.014624 9.87718818381 0.0 0.0 0.0 0.0 0.0
16 0.014908 11.0896163134 0.0 0.0 0.0 0.0 0.0
17 0.015104 11.0534957627 0.0 0.0 0.0 0.0 0.0
18 0.0155 10.4923870968 0.0 0.0 0.0 0.0 0.0
19 0.014648 10.9522119061 0.0 0.0 0.00132978723404 0.0 0.0
I 20 0.016 50000 5
0.064856
15.4612063649
0 0.015976 14.2268402604 0.0 0.0 0.00124843945069 0.0 0.0
1 0.015888 14.7316213494 0.0 0.0 0.00364077669903 0.0 0.0
2 0.015944 13.5263421977 0.0 0.00122249388753 0.0 0.0 0.0
3 0.01584 13.9636363636 0.00130548302872 0.0 0.0 0.0 0.0
4 0.016172 14.4130596092 0.0 0.00237247924081 0.00121654501217 0.0 0.0
5 0.015816 13.8510369246 0.0 0.00395778364116 0.0 0.0 0.0
6 0.015732 13.4251207729 0.0 0.00243902439024 0.00267022696929 0.0 0.0
7 0.015944 14.1595584546 0.0 0.0 0.0 0.0 0.0
8 0.016136 14.5808130887 0.0 0.00124378109453 0.0 0.0 0.0
9 0.015764 14.6830753616 0.0 0.0 0.0 0.0 0.0
10 0.016144 13.4226957384 0.00125944584383 0.00123001230012 0.00120918984281 0.0 0.0
11 0.015528 12.9920144256 0.0 0.00128040973111 0.0 0.0 0.0
12 0.016204 13.3739817329 0.0 0.0 0.00121212121212 0.00375939849624 0.0
13 0.016 14.0125 0.0 0.00126422250316 0.00125156445557 0.0 0.0
14 0.01568 13.1785714286 0.0 0.0 0.00129533678756 0.0 0.0
15 0.015892 14.2413793103 0.0 0.00129198966408 0.00131926121372 0.0 0.0
16 0.016304 14.2004416094 0.00127226463104 0.0 0.0 0.0 0.0
17 0.016488 13.8898592916 0.00372670807453 0.00118063754427 0.0 0.0 0.0
18 0.016508 13.2725951054 0.0 0.00117370892019 0.0 0.0 0.0
19 0.015796 15.0379842998 0.0 0.0 0.00126262626263 0.0 0.0
I 20 0.017 50000 5
0.050504
6493.24417868
0 0.013768 3257.71266705 0.0719339622642 0.10663507109 0.265142857143 0.222996515679 0.288647342995
1 0.014024 3459.1294923 0.0813397129187 0.0692588092345 0.224343675418 0.214695752009 0.261574074074
2 0.014456 2842.08577753 0.0790094339623 0.0684769775679 0.216121495327 0.226851851852 0.161712247325
3 0.014468 2992.96046447 0.0514354066986 0.105499438833 0.225882352941 0.174698795181 0.235754189944
4 0.013944 3351.41996558 0.0452380952381 0.0750293083236 0.304863582444 0.200929152149 0.305369127517
5 0.01396 2999.40515759 0.0602836879433 0.116167664671 0.195209580838 0.18544600939 0.298932384342
6 0.013972 3252.65216147 0.0669056152927 0.0994152046784 0.225433526012 0.212530712531 0.218091697646
7 0.01376 3099.13284884 0.038049940547 0.065 0.280593325093 0.140350877193 0.309764309764
8 0.01344 3661.30625 0.0479704797048 0.134523809524 0.275618374558 0.18315018315 0.332171893148
9 0.01436 3050.88690808 0.0828471411902 0.0712560386473 0.197199533256 0.242596810934 0.230248306998
10 0.014088 3332.47728563 0.0818713450292 0.13900862069 0.28701594533 0.189714285714 0.30289017341
11 0.014392 2683.87659811 0.079954954955 0.0763723150358 0.275058275058 0.154273029967 0.260972716489
12 0.013788 3180.02059762 0.0419664268585 0.129650507328 0.231812577065 0.267201834862 0.303064699205
13 0.013948 3166.04502438 0.0573099415205 0.0873417721519 0.221040189125 0.209658421673 0.251781472684
14 0.013652 2852.81541166 0.0608591885442 0.158671586716 0.269323671498 0.215456674473 0.225319396051
15 0.013924 3243.09077851 0.0799522673031 0.0677570093458 0.237410071942 0.209964412811 0.280660377358
16 0.014192 3131.59441939 0.0494821634062 0.121343445287 0.314619883041 0.105329949239 0.29061784897
17 0.014004 3312.98200514 0.0455089820359 0.0759493670886 0.311703360371 0.183673469388 0.240506329114
18 0.014072 3066.52046617 0.0766629086809 0.0943847072879 0.223277909739 0.188405797101 0.282380396733
19 0.014288 2914.87905935 0.0712643678161 0.101280558789 0.214035087719 0.213443396226 0.260475651189
I 20 0.018 50000 5
0.050044
7665.78490928
0 0.012404 7704.06385037 0.308906426156 0.284963196635 0.281839622642 0.346405228758 0.351029252438
1 0.012796 6655.14629572 0.326039387309 0.262331838565 0.265695067265 0.289265536723 0.281390134529
2 0.012652 7813.40942144 0.328475336323 0.290772532189 0.293911007026 0.374749498998 0.288421052632
3 0.01296 5852.99135802 0.290429042904 0.141636141636 0.289142857143 0.234067207416 0.370867768595
4 0.013248 5856.05344203 0.243648960739 0.226769911504 0.326419213974 0.201372997712 0.270975056689
5 0.012504 7233.97152911 0.334061135371 0.268965517241 0.32059447983 0.262790697674 0.337704918033
6 0.012748 6857.33385629 0.323798627002 0.323125659979 0.27809307605 0.251916757941 0.326984126984
7 0.01274 6533.76954474 0.243273542601 0.294956140351 0.272413793103 0.352297592998 0.296823658269
8 0.012912 7311.02850062 0.281967213115 0.325966850829 0.240740740741 0.293668122271 0.241935483871
9 0.012932 5868.61150634 0.296996662959 0.19880952381 0.255707762557 0.315502183406 0.254022988506
10 0.012616 6738.43246671 0.248104008667 0.266360505166 0.293588301462 0.334106728538 0.285219399538
11 0.012868 7081.35467827 0.315400843882 0.283261802575 0.319011815252 0.273236282195 0.321978021978
12 0.013008 6861.00215252 0.189003436426 0.326157158235 0.292063492063 0.320044296788 0.315732758621
13 0.013044 7102.24961668 0.290849673203 0.263748597082 0.308120133482 0.211778029445 0.296460176991
14 0.012444 7620.95596271 0.243087557604 0.304054054054 0.332627118644 0.300668151448 0.369683751363
15 0.013048 6722.39760883 0.256292906178 0.122641509434 0.314254859611 0.344191096634 0.31556039173
16 0.01294 6683.59629057 0.289005235602 0.271727172717 0.295381310419 0.215456674473 0.353075170843
17 0.01348 5925.67477745 0.253440366972 0.222347629797 0.196100917431 0.223698781838 0.323275862069
18 0.012388 7273.66806587 0.332959641256 0.290849673203 0.324618736383 0.30944254835 0.287671232877
19 0.012084 7472.52797087 0.371937639198 0.251468860165 0.327167630058 0.336898395722 0.33619763695
I 20 0.019 50000 5
0.050732
8312.90948514
0 0.013064 7662.03674219 0.318423855165 0.313524590164 0.391700404858 0.314075630252 0.285132382892
1 0.012456 7686.28002569 0.330786026201 0.30625 0.343105320304 0.349137931034 0.32688172043
2 0.013328 7067.65756303 0.286839145107 0.263492063492 0.306269270298 0.305319148936 0.337917485265
3 0.01264 7832.0585443 0.343649946638 0.338159255429 0.270975056689 0.248927038627 0.404661016949
4 0.012864 8378.02363184 0.293467336683 0.327974276527 0.338645418327 0.37513397642 0.322375397667
5 0.012552 8158.44996813 0.335774058577 0.352226720648 0.34584178499 0.347266881029 0.366285119667
6 0.012564 8439.50238777 0.387096774194 0.288079470199 0.349307774228 0.376332622601 0.313746065058
7 0.013024 7301.41001229 0.342592592593 0.341915550978 0.319672131148 0.346424974824 0.290288153682
8 0.012252 8000.06529546 0.315205327414 0.391073326249 0.312775330396 0.316315205327 0.344041450777
9 0.012656 7659.72503161 0.338624338624 0.276990185387 0.389183457052 0.279831045407 0.300904977376
10 0.013016 7194.85095267 0.301003344482 0.286324786325 0.354081632653 0.305120167189 0.307853403141
11 0.012604 8963.06315455 0.339702760085 0.345603271984 0.421052631579 0.315250767656 0.289870689655
12 0.012324 8286.89711133 0.359243697479 0.329424307036 0.337982832618 0.337246531483 0.397806580259
13 0.012764 7866.06330304 0.318181818182 0.318795430945 0.290570175439 0.36248682824 0.344900105152
14 0.01214 9054.15321252 0.363544813696 0.327453142227 0.311491935484 0.445574771109 0.402116402116
15 0.012892 7440.61836798 0.307692307692 0.297124600639 0.304597701149 0.316631130064 0.318592964824
16 0.01248 8359.86826923 0.309829059829 0.331868131868 0.394394394394 0.275392670157 0.439960629921
17 0.012568 8516.51336728 0.336448598131 0.257675438596 0.395468589083 0.371369294606 0.348094747683
18 0.01262 8285.99651347 0.352818371608 0.324295010846 0.363542739444 0.33117583603 0.33726647001
19 0.012524 7815.2149473 0.302793296089 0.305285868393 0.308760683761 0.407142857143 0.344685242518
I 20 0.02 50000 5
0.051084
9045.7069141
0 0.01272 8571.16446541 0.365829145729 0.317269076305 0.406712734452 0.355102040816 0.376470588235
1 0.012604 9522.03014916 0.369011213048 0.348691099476 0.335030549898 0.34375 0.409356725146
2 0.012248 9775.01763553 0.40101010101 0.380658436214 0.397299903568 0.365174129353 0.394789579158
3 0.012904 8687.94296342 0.346918489066 0.383685800604 0.345887016848 0.37323943662 0.347531461762
4 0.013092 8609.8142377 0.306341463415 0.384615384615 0.291532690247 0.325237592397 0.375502008032
5 0.012732 8715.97486648 0.348223350254 0.356425702811 0.313868613139 0.394762366634 0.395894428152
6 0.012652 8618.73980398 0.342379958246 0.311340206186 0.401529636711 0.313203684749 0.427995971803
7 0.012584 8589.70152575 0.352697095436 0.3474663909 0.363636363636 0.364551863041 0.336391437309
8 0.01274 8779.57645212 0.355397148676 0.388616290481 0.334702258727 0.364905284148 0.326359832636
9 0.012724 8386.22068532 0.349112426036 0.352577319588 0.364278506559 0.386571719227 0.351032448378
10 0.012888 9244.73929236 0.29633401222 0.383 0.358748778104 0.382789317507 0.382066276803
11 0.012708 9125.44444444 0.371031746032 0.378084896347 0.33855799373 0.341907824223 0.363896848138
12 0.012712 8825.0248584 0.314833501514 0.435406698565 0.3623046875 0.352822580645 0.442325158946
13 0.012584 8837.87762238 0.350100603622 0.351949420443 0.431411530815 0.359762140733 0.339603960396
14 0.012316 9379.19227022 0.387983706721 0.389516957862 0.392176529589 0.325831702544 0.434197886647
15 0.012524 9350.27595018 0.43063583815 0.405782652044 0.39512195122 0.370664023786 0.299796747967
16 0.013228 8987.33474448 0.363459669582 0.357287449393 0.327788649706 0.324378109453 0.341093117409
17 0.012772 8880.4769809 0.368260427263 0.330275229358 0.409090909091 0.3242147923 0.378486055777
18 0.012704 8973.2361461 0.324675324675 0.360537190083 0.389112903226 0.358316221766 0.330791229743
19 0.012592 9061.72522236 0.414242728185 0.340615690169 0.414358974359 0.355238095238 0.312961011591
I 20 0.021 50000 5
0.050592
10053.777277
0 0.01238 9283.84749596 0.402609506058 0.418433179724 0.449810606061 0.398815399803 0.4
1 0.012992 9410.25030788 0.381656804734 0.348393574297 0.36354679803 0.31961722488 0.432656826568
2 0.012388 9939.66806587 0.406844106464 0.38747553816 0.442934782609 0.405303030303 0.404339250493
3 0.013108 8742.06499847 0.407869481766 0.397556390977 0.299306243806 0.366571699905 0.396632366698
4 0.012588 9827.32697807 0.426199261993 0.376525821596 0.448275862069 0.368631368631 0.415254237288
5 0.013096 9105.1246182 0.350293542074 0.407721280603 0.402163225172 0.322827125119 0.354085603113
6 0.012596 10116.7411877 0.361914257228 0.397058823529 0.421814671815 0.394174757282 0.418282548476
7 0.012384 9483.66602067 0.356345177665 0.402926829268 0.414587332054 0.379710144928 0.408506429278
8 0.012628 10154.4121001 0.387310606061 0.377906976744 0.403225806452 0.378968253968 0.405431619787
9 0.012532 10450.5789978 0.414725069897 0.42226487524 0.348792270531 0.428436018957 0.433484162896
10 0.012276 10278.2078853 0.398655139289 0.375366568915 0.429549902153 0.404966571156 0.431558935361
11 0.012556 10427.5189551 0.404804270463 0.358283433134 0.44523326572 0.404830917874 0.338645418327
12 0.013044 9123.90401717 0.395614871306 0.367424242424 0.327093596059 0.413513513514 0.437443744374
13 0.012528 10456.5488506 0.387351778656 0.37558685446 0.431775700935 0.408662900188 0.437384898711
14 0.012584 9889.07596949 0.356793743891 0.390009606148 0.38670694864 0.442307692308 0.357212003872
15 0.012732 9899.90417845 0.422071636012 0.425714285714 0.417493237151 0.385964912281 0.376623376623
16 0.012588 9470.34381951 0.364423076923 0.363357215967 0.376958525346 0.409224730128 0.433268858801
17 0.012592 8862.36944091 0.358662613982 0.346303501946 0.417635658915 0.423224568138 0.383653846154
18 0.012696 10018.7766226 0.415004748338 0.391056137012 0.370998116761 0.441903019213 0.390476190476
19 0.013216 9453.79600484 0.360076408787 0.398095238095 0.408582089552 0.385884509624 0.372866127583
I 20 0.022 50000 5
0.04978
11001.5599036
0 0.01268 10553.7772871 0.385565052232 0.460303300624 0.447594501718 0.379888268156 0.447869446963
1 0.012592 10182.1594663 0.371240601504 0.37786259542 0.45031905196 0.368115942029 0.484162895928
2 0.012768 10224.2662907 0.432408236347 0.406162464986 0.418069087688 0.445761166819 0.407039711191
3 0.01262 11075.4313788 0.466550825369 0.428956834532 0.412556053812 0.464412811388 0.425155004429
4 0.012856 10289.9586185 0.443388072602 0.441988950276 0.373121131742 0.451669595782 0.4146567718
5 0.012496 11171.2829706 0.423255813953 0.442238267148 0.450856627592 0.40663507109 0.463756177924
6 0.012664 10582.9873658 0.459459459459 0.423324150597 0.414746543779 0.387811634349 0.451327433628
7 0.012584 10045.6335029 0.401353965184 0.413321167883 0.422325581395 0.39577594123 0.445462878093
8 0.012612 10413.2762448 0.372605363985 0.456481481481 0.432087511395 0.392335766423 0.417057169634
9 0.012212 10537.3432689 0.416064981949 0.420805998126 0.421052631579 0.432532347505 0.497835497835
10 0.01226 10329.6107667 0.423760523854 0.463267070009 0.417520969245 0.432251908397 0.437037037037
11 0.012664 10517.5186355 0.429947460595 0.417641764176 0.399043062201 0.446660884649 0.454215775159
12 0.01294 10185.4058733 0.417382999045 0.419447092469 0.382805429864 0.385662431942 0.418069087688
13 0.012552 10771.359146 0.474801061008 0.38679245283 0.414855072464 0.432142857143 0.440073193047
14 0.012756 10263.1153967 0.421052631579 0.400197628458 0.395072992701 0.407303370787 0.42248413418
15 0.012232 11019.969915 0.406072106262 0.461067366579 0.420620437956 0.448022079117 0.459031657356
16 0.012796 9805.90371991 0.383709519136 0.433701657459 0.407608695652 0.428321678322 0.420393559928
17 0.012568 10589.9987269 0.420657276995 0.38299904489 0.345666991237 0.479376718607 0.419090909091
18 0.012384 11443.5455426 0.467248908297 0.457688808007 0.463121783877 0.430797433547 0.415454545455
19 0.012488 10690.7834721 0.437163375224 0.428571428571 0.425160697888 0.460861917326 0.431175934366
I 20 0.023 50000 5
0.050592
11079.4484503
0 0.012528 11484.3393997 0.456277056277 0.463793103448 0.462947543714 0.48347826087 0.447119518487
1 0.01278 11450.7114241 0.420957542909 0.429809358752 0.492398648649 0.454928390901 0.437011294526
2 0.012764 11052.8730805 0.42667844523 0.423144876325 0.476271186441 0.384615384615 0.469787234043
3 0.012012 12366.3932734 0.432642487047 0.485411140584 0.475694444444 0.477001703578 0.542330259849
4 0.012556 11418.9735585 0.425608656447 0.479895104895 0.410636442895 0.447747747748 0.44474393531
5 0.012676 10667.0687914 0.488715277778 0.414007092199 0.394881170018 0.457418788411 0.446753246753
6 0.012972 9866.36293555 0.450754214729 0.444058976583 0.387181738367 0.441674087266 0.436161096829
7 0.012596 11059.4601461 0.467632027257 0.43137254902 0.420731707317 0.443629697525 0.429897864438
8 0.012636 10342.5201013 0.433422698838 0.405835543767 0.432432432432 0.449122807018 0.489270386266
9 0.012472 11381.132136 0.47363872083 0.414634146341 0.476486246673 0.449137931034 0.495854063018
10 0.012532 11220.5145228 0.448784722222 0.467897977133 0.473399458972 0.423979148566 0.437282229965
11 0.012368 10951.6170763 0.42573402418 0.456768558952 0.504688832055 0.4674196351 0.486554621849
12 0.01264 11204.0253165 0.446584938704 0.462019660411 0.479440789474 0.448 0.413612565445
13 0.012888 10433.77964 0.447659574468 0.420863309353 0.400547445255 0.495033112583 0.424347826087
14 0.013204 10355.1523781 0.467065868263 0.421465968586 0.422282120395 0.363074204947 0.440240756664
15 0.012308 11026.0133247 0.414611005693 0.484536082474 0.439570277529 0.504657070279 0.455993294216
16 0.012832 10440.4940773 0.436314363144 0.406133828996 0.470383275261 0.416809605489 0.428695652174
17 0.012448 11096.9357326 0.407540394973 0.455333911535 0.458604651163 0.487680543755 0.454312553373
18 0.0122 11305.6770492 0.49538977368 0.435688405797 0.464131374244 0.506944444444 0.423529411765
19 0.012488 11011.0909673 0.481878088962 0.483175150992 0.499174917492 0.45325542571 0.462585034014
I 20 0.024 50000 5
0.050244
12001.7442083
0 0.013044 11592.5657774 0.453074433657 0.449262792715 0.42869057548 0.448364888124 0.489361702128
1 0.012452 12037.5640861 0.512647554806 0.459150326797 0.489660876758 0.45867768595 0.492398648649
2 0.012192 11994.644685 0.477253928867 0.506318449874 0.506734006734 0.478444632291 0.479235880399
3 0.012644 11175.0408099 0.461602671119 0.435314685315 0.42919200695 0.485306465155 0.50495049505
4 0.012512 11803.5722506 0.466497031383 0.513223140496 0.447863247863 0.415246636771 0.482233502538
5 0.012636 11142.773346 0.436046511628 0.458369098712 0.506361323155 0.48635235732 0.4539306847
6 0.012912 11056.1939281 0.452244897959 0.464435146444 0.462402765774 0.441151566469 0.47908121411
7 0.012164 12185.9276554 0.440966010733 0.505681818182 0.520782396088 0.472245236123 0.517412935323
8 0.012576 11713.8998092 0.5025 0.496661101836 0.431743421053 0.464824120603 0.476109215017
9 0.01268 11651.1315457 0.475021168501 0.457996768982 0.496012759171 0.478444632291 0.479768786127
10 0.012556 12329.1344377 0.480897009967 0.427705627706 0.468694096601 0.507767784137 0.459703947368
11 0.01274 11366.9974882 0.463310580205 0.468776019983 0.486268174475 0.428442028986 0.485375494071
12 0.012496 12094.2743278 0.521634615385 0.490566037736 0.450930626058 0.448510638298 0.48170212766
13 0.012988 11494.3501694 0.475680131904 0.458059210526 0.44844928751 0.47471451876 0.473684210526
14 0.012704 11776.311398 0.486649440138 0.500848896435 0.439728353141 0.441412520064 0.494837172359
15 0.012596 11868.4112417 0.499591836735 0.490131578947 0.461603375527 0.475040257649 0.494753833737
16 0.012408 12189.70245 0.489220563847 0.467521367521 0.486284289277 0.469237079573 0.48581255374
17 0.012716 10893.9411765 0.450482033304 0.446826758148 0.502142245073 0.4375 0.468543046358
18 0.012944 10924.4375773 0.439276485788 0.430811808118 0.434854771784 0.45811965812 0.450336700337
19 0.012636 11956.6251978 0.474295190713 0.489557226399 0.532863849765 0.486550632911 0.433898305085
I 20 0.025 50000 5
0.050584
12447.1130002
0 0.012584 12084.9469167 0.516693163752 0.521808088818 0.49263502455 0.450751252087 0.493055555556
1 0.012356 13129.203302 0.51411136537 0.50512214342 0.523581135092 0.511914543961 0.489121676068
2 0.012356 12715.8177404 0.483173076923 0.517294388932 0.509302325581 0.509496284063 0.533280507132
3 0.012536 12417.3375877 0.502369668246 0.508171206226 0.51357827476 0.503591380686 0.469370860927
4 0.012392 12440.5377663 0.498765432099 0.482993197279 0.529790660225 0.461538461538 0.519440124417
5 0.012916 11965.9981418 0.464856230032 0.457351746548 0.446895424837 0.541241162608 0.494787489976
6 0.012536 12387.7574984 0.525943396226 0.484899328859 0.507836990596 0.484527687296 0.479777954005
7 0.012448 12374.2734576 0.52091554854 0.490802675585 0.523961661342 0.460665044607 0.487903225806
8 0.01272 12004.2031447 0.516693163752 0.478748997594 0.488750969744 0.460317460317 0.5064
9 0.012468 12170.1443696 0.466051969824 0.501998401279 0.524038461538 0.495894909688 0.480384307446
10 0.012908 11567.2234273 0.498775510204 0.480948348857 0.49131121643 0.443118536197 0.485893416928
11 0.012596 12408.2613528 0.492211838006 0.502871205906 0.459574468085 0.486464315012 0.510869565217
12 0.012244 12762.2211696 0.486970684039 0.525502318393 0.515898251192 0.551860649248 0.492890995261
13 0.013012 12641.8733477 0.444533120511 0.490211433046 0.460396039604 0.51630867144 0.501547987616
14 0.0127 12054.8233071 0.456349206349 0.513602638087 0.48197492163 0.498447204969 0.526357827476
15 0.012544 11450.15625 0.477941176471 0.452113891286 0.493917274939 0.5 0.49029535865
16 0.012476 11890.8903495 0.521810699588 0.512214342002 0.475743348983 0.524031007752 0.510785824345
17 0.012088 12531.7925215 0.505439330544 0.533538936006 0.520254169976 0.532447224394 0.503974562798
18 0.012656 12851.6488622 0.492307692308 0.497975708502 0.51632970451 0.522399392559 0.487297921478
19 0.012828 12000.8758965 0.465742251223 0.431304347826 0.48125 0.510466988728 0.491056910569
I 20 0.026 50000 5
0.050152
12981.4939384
0 0.01236 12966.9673139 0.526676829268 0.523956723338 0.516757599376 0.529868114818 0.508620689655
1 0.012424 13018.4964585 0.520158102767 0.466147859922 0.541538461538 0.49512195122 0.532182103611
2 0.012644 12259.9069915 0.498834498834 0.546728971963 0.521903323263 0.509491268033 0.507888805409
3 0.012276 12841.5604431 0.522075910147 0.488334674175 0.533333333333 0.525621118012 0.549848942598
4 0.01238 12507.3450727 0.515197568389 0.515198752923 0.552833078101 0.484609313339 0.55037593985
5 0.012408 12745.5863959 0.535313001605 0.520094562648 0.466509062254 0.537585421412 0.533432392273
6 0.012672 12462.0972222 0.467356687898 0.539483394834 0.528174305034 0.5179526356 0.52688172043
7 0.01234 13403.3053485 0.521235521236 0.527583527584 0.546077684692 0.533840304183 0.497284716835
8 0.013204 11674.0730082 0.4688 0.463141025641 0.505255255255 0.48133748056 0.512917933131
9 0.012076 13226.9960252 0.537023186238 0.5208 0.542020046261 0.540666150271 0.526964560863
10 0.01254 12848.8424242 0.523996852872 0.501589825119 0.510638297872 0.54427480916 0.498484848485
11 0.012736 12529.125 0.524122807018 0.535011801731 0.481632653061 0.504 0.483846731781
12 0.01228 12937.2921824 0.49601910828 0.537617554859 0.536176694593 0.53984962406 0.49393694422
13 0.012652 13333.6705659 0.527634487841 0.500399042298 0.478052673583 0.514374514375 0.514937106918
14 0.012784 12901.1289111 0.551339285714 0.51015625 0.502259036145 0.486342943854 0.520244461421
15 0.012676 12223.8579994 0.513322884013 0.511160714286 0.513260530421 0.524460431655 0.532767925983
16 0.012944 12956.1375155 0.50114416476 0.505809450039 0.490106544901 0.513117283951 0.52824651504
17 0.012624 12805.6885298 0.518081761006 0.498839907193 0.535026943803 0.448415922015 0.520751761942
18 0.012396 13153.4595031 0.546367851623 0.521671826625 0.534779356769 0.520962732919 0.503034901366
19 0.012772 12819.9536486 0.489461358314 0.492003046458 0.497350492051 0.537721893491 0.565573770492
I 20 0.027 50000 5
0.050604
13250.8577978
0 0.012612 12816.3618776 0.557389347337 0.482352941176 0.526239067055 0.547955974843 0.543556515479
1 0.012764 12800.4885616 0.522575869726 0.488789237668 0.533995416348 0.532774390244 0.528064992614
2 0.012496 13533.3386684 0.516417910448 0.559322033898 0.544781643227 0.57341684064 0.530346820809
3 0.012296 14067.946324 0.529411764706 0.564176939811 0.533180778032 0.536897590361 0.545521835677
4 0.01278 13101.6873239 0.523281596452 0.540212443096 0.538404175988 0.495057034221 0.490755007704
5 0.012584 13895.5171647 0.503432494279 0.535179640719 0.555007052186 0.525757575758 0.554834054834
6 0.012368 13655.5792367 0.556678700361 0.558071585099 0.531019202363 0.526276276276 0.554985337243
7 0.012836 12842.6132752 0.513062409289 0.534236267871 0.530670470756 0.568892045455 0.526430123099
8 0.012704 12934.1876574 0.525229357798 0.507473841555 0.527553269655 0.521771771772 0.525423728814
9 0.012732 13028.3942821 0.544117647059 0.511922503726 0.503021148036 0.595685455811 0.510607168983
10 0.01218 13199.2262726 0.540816326531 0.529411764706 0.532075471698 0.560850439883 0.581831290555
11 0.012148 13236.2034903 0.531060606061 0.531782945736 0.56282527881 0.519054878049 0.540895061728
12 0.012704 13451.4234887 0.518688024409 0.563994374121 0.465795541891 0.535714285714 0.55408388521
13 0.012472 13413.0519564 0.518264840183 0.565868263473 0.535307517084 0.490269461078 0.566265060241
14 0.012964 12566.844801 0.540960451977 0.516129032258 0.542569659443 0.521252796421 0.480699198835
15 0.01222 13587.1499182 0.522658610272 0.54084720121 0.517816527672 0.558737151248 0.57174556213
16 0.01264 13121.096519 0.556488549618 0.554331864905 0.559471365639 0.48624535316 0.494807121662
17 0.01254 13163.7958533 0.578125 0.539739884393 0.543002915452 0.501552795031 0.53851744186
18 0.012552 13028.7520714 0.478991596639 0.530546623794 0.532396565183 0.539208364451 0.504157218443
19 0.012636 13149.65717 0.546898638427 0.527245949926 0.531453362256 0.545972915182 0.539636363636
I 20 0.028 50000 5
0.050032
13874.4551487
0 0.012808 13716.1364772 0.558073654391 0.503296703297 0.553342816501 0.557446808511 0.523879500367
1 0.012788 12779.7672818 0.564606741573 0.551272727273 0.546104360257 0.526468455402 0.508771929825
2 0.011932 13731.9822327 0.526045487894 0.598969830758 0.534082397004 0.572668112798 0.608783783784
3 0.012896 13682.9782878 0.498613037448 0.556583629893 0.530791788856 0.526865671642 0.581137309293
4 0.012324 13886.3609218 0.579290369298 0.545588235294 0.554112554113 0.518987341772 0.577868852459
5 0.01268 13977.3971609 0.540125610607 0.504379562044 0.57341684064 0.55182699478 0.57320441989
6 0.012828 14321.417836 0.511029411765 0.565397923875 0.551775147929 0.533769063181 0.526315789474
7 0.013244 13184.6342495 0.520518358531 0.505438723713 0.556825823806 0.552321552322 0.520408163265
8 0.012412 13513.524009 0.540254237288 0.564371257485 0.534545454545 0.566273421235 0.55317577548
9 0.012804 13450.2483599 0.562314540059 0.528219971056 0.541945063103 0.513816280807 0.515427769986
10 0.01218 13761.8912972 0.562054208274 0.580808080808 0.600995732575 0.562814070352 0.514978601997
11 0.012944 13322.1628554 0.506282335551 0.526391901663 0.558339298497 0.528497409326 0.546143250689
12 0.01258 14598.1176471 0.557251908397 0.527036770007 0.540756914119 0.549286199864 0.546460176991
13 0.0121 14323.4515702 0.551347414421 0.56404657933 0.539552238806 0.56148981026 0.597879858657
14 0.012488 14046.7905189 0.548364153627 0.570735090153 0.507042253521 0.562287270252 0.591836734694
15 0.0128 13816.9025 0.520625889047 0.522727272727 0.529977794226 0.54711673699 0.58495821727
16 0.012744 13936.0630885 0.546930134086 0.552466990966 0.546043165468 0.547197640118 0.521897810219
17 0.012372 13898.0507598 0.570640937285 0.536897590361 0.585987261146 0.534604519774 0.570021111893
18 0.012172 14774.1975025 0.563636363636 0.543859649123 0.59446366782 0.578459343795 0.586592178771
19 0.012484 12908.9214995 0.528634361233 0.549033643522 0.58674863388 0.547925608011 0.568101623147
I 20 0.029 50000 5
0.049536
14378.5984335
0 0.012368 14197.5313713 0.572297297297 0.571125265393 0.59379217274 0.57123193393 0.569568197395
1 0.012592 14320.6388183 0.567944250871 0.582987551867 0.538571428571 0.556623198353 0.564049586777
2 0.01262 14640.4025357 0.614266842801 0.549863387978 0.563340410474 0.546016483516 0.56634746922
3 0.012628 13107.6173583 0.537678207739 0.569057104914 0.581618655693 0.548736462094 0.607687210073
4 0.012792 14197.6169481 0.539182853315 0.56480218281 0.565718157182 0.5816678153 0.565459610028
5 0.01218 13647.7014778 0.54121079504 0.550520059435 0.605662983425 0.560606060606 0.559357541899
6 0.01248 13365.8583333 0.568762957844 0.619933554817 0.550354609929 0.538568450313 0.583776595745
7 0.012848 13256.6030511 0.549088359046 0.532616487455 0.571623465211 0.53381294964 0.56864064603
8 0.012488 14542.1944266 0.53818443804 0.606671299514 0.53895184136 0.564583333333 0.552668539326
9 0.0124 13729.7403226 0.545003543586 0.597855227882 0.566552901024 0.606590450572 0.538684020246
10 0.012412 14476.6899774 0.568442346595 0.565310492505 0.56258790436 0.585818422797 0.563936781609
11 0.012296 14172.0078074 0.560773480663 0.544331395349 0.555477031802 0.609840609841 0.570138888889
12 0.012604 13874.7083466 0.53795620438 0.553971486762 0.58740790355 0.567164179104 0.56378600823
13 0.012144 14238.6363636 0.599322033898 0.575294934074 0.569574621485 0.56645344705 0.568573397657
14 0.01262 14490.5496038 0.549295774648 0.573360378634 0.56724738676 0.533797909408 0.605577689243
15 0.01252 14598.9402556 0.536790469516 0.537857142857 0.552061495458 0.59631147541 0.595890410959
16 0.012456 14170.2646114 0.575246132208 0.560636182903 0.557051736357 0.583668005355 0.597044996642
17 0.012728 13994.3815211 0.565247252747 0.517462580185 0.555246699097 0.571817562968 0.586419753086
18 0.012524 13866.9029064 0.564191533657 0.52849002849 0.603708791209 0.557837097878 0.574086836664
19 0.012588 14123.8462027 0.591780821918 0.543798177996 0.556258790436 0.56303630363 0.597213005972
I 20 0.03 50000 5
0.049916
14676.3973876
0 0.01244 13637.1742765 0.577305905773 0.546842470507 0.607238605898 0.583838383838 0.592052980132
1 0.012452 14520.9396081 0.56394963552 0.611787315823 0.609882964889 0.569518716578 0.625618811881
2 0.012764 14010.9874647 0.578700602813 0.564705882353 0.540229885057 0.60602006689 0.551747311828
3 0.012604 14412.4811171 0.56843575419 0.617021276596 0.609037328094 0.562335958005 0.550583657588
4 0.012824 14367.0168434 0.592139175258 0.576282478348 0.567174056916 0.552845528455 0.586321381142
5 0.01202 15491.0013311 0.625402965828 0.580921052632 0.634590377113 0.613238157041 0.577568838146
6 0.012684 13894.439609 0.567060458652 0.595800524934 0.543967280164 0.566732412886 0.584308327598
7 0.012708 14074.4362606 0.562803608605 0.544534412955 0.555110220441 0.574581939799 0.628422425033
8 0.01198 14326.2106845 0.595907928389 0.626269465132 0.569915254237 0.560975609756 0.630967741935
9 0.012788 14042.3931811 0.530555555556 0.555020632737 0.564864864865 0.584879725086 0.58127090301
10 0.0124 14947.296129 0.559197324415 0.59786239145 0.616356382979 0.563179347826 0.580907244414
11 0.012364 14904.3607247 0.588866532529 0.613941018767 0.58159838818 0.575315195753 0.588538312943
12 0.012108 15046.6762471 0.581300813008 0.616742969261 0.603120759837 0.593874833555 0.574813811781
13 0.012312 14861.1150097 0.627249357326 0.573305670816 0.588859416446 0.58077994429 0.565876152833
14 0.012828 14532.8971001 0.540972222222 0.558219178082 0.545084745763 0.585526315789 0.607072691552
15 0.012612 14122.7618141 0.552781740371 0.54763536669 0.581303489138 0.603370058328 0.581584292485
16 0.012428 14683.0949469 0.600133511348 0.589487691284 0.584930601454 0.57997311828 0.563611491108
17 0.01264 14434.6110759 0.609103078983 0.579986833443 0.522366522367 0.577051367578 0.573705179283
18 0.012596 14449.1416323 0.585317460317 0.572196104768 0.578666666667 0.573122529644 0.604575163399
19 0.012828 14422.4558778 0.558663028649 0.579958819492 0.556300268097 0.560878243513 0.581550802139
I 20 0.031 50000 5
0.050604
14700.0343056
0 0.011724 14921.5844422 0.611330698287 0.599087353325 0.602979274611 0.619111709287 0.648231511254
1 0.012692 14224.1572644 0.573976221929 0.597385620915 0.582760774516 0.574882471457 0.598818122127
2 0.0128 14739.9928125 0.588917525773 0.57833655706 0.555112881806 0.622235872236 0.597805035507
3 0.012528 14753.1085568 0.583120204604 0.570297029703 0.627096774194 0.590488771466 0.601641414141
4 0.012392 14541.4244674 0.594174757282 0.609232769831 0.619537275064 0.557020435069 0.628220858896
5 0.01232 15599.0207792 0.584625322997 0.609915198956 0.58904109589 0.588433086752 0.612589227774
6 0.012732 14447.9751806 0.60875 0.568062827225 0.585614258434 0.583713355049 0.617758186398
7 0.012096 15549.9960317 0.582947785856 0.63074984247 0.611439842209 0.630817610063 0.60539523212
8 0.012728 14832.295726 0.567275185936 0.609323703217 0.57970071568 0.576973684211 0.560454241817
9 0.012156 15321.4211912 0.584474885845 0.603573792191 0.618746041799 0.629151291513 0.628801986344
10 0.01232 15013.5659091 0.623393316195 0.602730819246 0.579256360078 0.612467866324 0.58469587966
11 0.012152 14776.9213298 0.604233483002 0.63926067559 0.619987661937 0.583115183246 0.601588352085
12 0.012848 14301.9047323 0.568367989918 0.609405617244 0.582446808511 0.592401802962 0.593426658551
13 0.013164 14692.5202066 0.578053559765 0.617192331478 0.605678233438 0.557805355976 0.53169469599
14 0.012748 14607.9654848 0.589167767503 0.583497053045 0.57662835249 0.576747224037 0.593688362919
15 0.012728 14528.2055311 0.603372891943 0.594078947368 0.57171314741 0.61661341853 0.566181127296
16 0.012548 14841.5897354 0.614465826145 0.585751978892 0.586251621271 0.564935064935 0.599483204134
17 0.0127 14960.6330709 0.609517601043 0.569416498994 0.593369418133 0.579359895493 0.565847511027
18 0.012496 14116.90621 0.562113932739 0.59861373661 0.604207758054 0.594098360656 0.602027883397
19 0.012952 14477.3600988 0.57950065703 0.56749672346 0.588578844906 0.608099688474 0.569789674952
I 20 0.032 50000 5
0.049892
15310.4757476
0 0.012076 15584.4342498 0.624920534011 0.590570719603 0.626708074534 0.632706035042 0.633819951338
1 0.012788 14506.9127307 0.586956521739 0.607587064677 0.588487446418 0.586274509804 0.618959107807
2 0.013036 14772.8524087 0.604708798017 0.587724736516 0.561038961039 0.634363852556 0.588998763906
3 0.012388 15391.9609299 0.597282273008 0.648859543818 0.634267912773 0.602564102564 0.592638802246
4 0.012864 14836.6007463 0.608125 0.575625 0.634221946683 0.569782330346 0.590132827324
5 0.01238 15728.5996769 0.594577553594 0.63687150838 0.610439210694 0.6015625 0.608404384896
6 0.012528 14809.6976373 0.623345367028 0.607918263091 0.612195121951 0.596336070752 0.620073891626
7 0.012204 15538.7007539 0.599110546379 0.596837944664 0.625480153649 0.644888082275 0.60349127182
8 0.012552 15480.8706182 0.580602883355 0.604884157796 0.592030360531 0.59096692112 0.636534839925
9 0.012788 14769.6158899 0.596713021492 0.576994434137 0.625698324022 0.64 0.563885267275
10 0.012392 15200.0196901 0.633291614518 0.60407383832 0.590361445783 0.624299065421 0.61104368932
11 0.012628 14569.2245803 0.613166144201 0.582641991066 0.626118067979 0.601127113338 0.597150259067
12 0.012624 15030.3713561 0.58358662614 0.626359564939 0.600254614895 0.603879849812 0.615715162676
13 0.0125 15830.48512 0.593455003147 0.615137908916 0.625454545455 0.571247625079 0.647342995169
14 0.012796 14902.6442638 0.600513808606 0.61097708082 0.590112640801 0.590132827324 0.622675464907
15 0.012316 15254.1692108 0.616777308389 0.598323662153 0.593908629442 0.631223110018 0.62875399361
16 0.012524 15167.0335356 0.626126126126 0.612742036227 0.594202898551 0.578351164254 0.622549019608
17 0.01266 14999.9538705 0.623033354311 0.569620253165 0.597731821214 0.593690851735 0.604334365325
18 0.012188 15314.897276 0.574382921948 0.627705627706 0.624528301887 0.603966730646 0.62380649268
19 0.012736 14865.3916457 0.594303797468 0.577313054499 0.604271356784 0.618556701031 0.613408521303
I 20 0.033 50000 5
0.05002
15652.2071971
0 0.012168 16259.3431953 0.598062953995 0.627750611247 0.660880347179 0.588459099556 0.647818070068
1 0.012844 15825.9081283 0.619624470018 0.620689655172 0.607738095238 0.599027946537 0.622003687769
2 0.01258 15161.2041335 0.602772754671 0.622485207101 0.621156211562 0.626993865031 0.612903225806
3 0.012408 16603.2459703 0.644483362522 0.60085054678 0.631669535284 0.641879833432 0.635467980296
4 0.0126 14914.3885714 0.604808877928 0.643623361144 0.615712545676 0.595561035758 0.63185840708
5 0.012796 15191.9974992 0.638670694864 0.601705237515 0.607052896725 0.590435315757 0.616510538642
6 0.012484 15855.500801 0.618842364532 0.604710375557 0.585784313725 0.620626151013 0.643594414086
7 0.012712 14855.6604783 0.57881773399 0.665495020504 0.623701893708 0.573162939297 0.622563496751
8 0.012608 15005.3626269 0.601006922593 0.555334658714 0.61581920904 0.611590628853 0.637290167866
9 0.01246 15445.6789727 0.583759590793 0.631137724551 0.584674822923 0.635769459299 0.653145208701
10 0.012864 15365.2913557 0.645539906103 0.600366076876 0.596117720726 0.580134064595 0.628945801072
11 0.012048 15926.4591633 0.617192331478 0.644923076923 0.648181276088 0.632352941176 0.638604930848
12 0.0123 15521.9252033 0.645359557468 0.570081709617 0.625 0.646769230769 0.644843568946
13 0.012232 16138.4898627 0.6373902133 0.638905413444 0.620481927711 0.639097744361 0.621406727829
14 0.012336 15586.8845655 0.620048019208 0.654908877131 0.615910503418 0.622169249106 0.631990378833
15 0.012848 14701.7761519 0.603725112396 0.601557819053 0.594011976048 0.619890176937 0.604899497487
16 0.012568 15442.5652451 0.66529169122 0.59755351682 0.633393829401 0.637515078408 0.575194727382
17 0.012836 14821.1798068 0.590909090909 0.600494743352 0.636473429952 0.617034313725 0.594868735084
18 0.0126 15741.972381 0.655508216677 0.603929024081 0.609770808203 0.631919905771 0.605172413793
19 0.012444 15484.5255545 0.634047481181 0.641997593261 0.625 0.607771706132 0.608343711083
I 20 0.034 50000 5
0.050176
15770.8915019
0 0.013 14458.8729231 0.583230579531 0.609535304768 0.64776119403 0.65662999421 0.567693201627
1 0.012788 15597.0125117 0.632544378698 0.602332361516 0.626086956522 0.652843601896 0.610458284371
2 0.011772 16464.8834523 0.656493117893 0.64396999423 0.645796064401 0.642978965321 0.689695550351
3 0.012672 15623.9210859 0.627229488704 0.607796810396 0.642857142857 0.602541883304 0.653000594177
4 0.012412 15726.8720593 0.646924829157 0.615967365967 0.645481049563 0.630538922156 0.655152561888
5 0.012416 15837.7464562 0.636257989541 0.635942028986 0.625431530495 0.631762652705 0.660874775315
6 0.012296 15695.2338972 0.6375 0.649734199646 0.630973986691 0.625144843569 0.636739515653
7 0.012104 16081.7842036 0.6416918429 0.627808136005 0.653155761436 0.636798088411 0.649914334666
8 0.012472 15804.1430404 0.612825166364 0.63785046729 0.605811749842 0.625073920757 0.65655409273
9 0.012248 15817.0555193 0.651639344262 0.635023584906 0.633473305339 0.628588516746 0.630916716597
10 0.012872 15228.2141081 0.593179049939 0.613242574257 0.614443797321 0.612183353438 0.665587918015
11 0.012724 15493.7079535 0.635718509758 0.618381010347 0.625220978197 0.638823529412 0.611299435028
12 0.012604 15580.8441765 0.623231132075 0.612345679012 0.642105263158 0.624698795181 0.613230035757
13 0.012288 16163.8417969 0.651162790698 0.628818443804 0.639953542393 0.628434886499 0.653402537486
14 0.012692 15599.5278916 0.593304401736 0.625581395349 0.635514018692 0.64376443418 0.625592417062
15 0.012552 15732.9604844 0.6265129683 0.648484848485 0.634798099762 0.620195065978 0.603631809643
16 0.012388 15751.2370036 0.61961722488 0.66027561414 0.639070875521 0.618311533888 0.627450980392
17 0.012676 15825.3622594 0.603241296519 0.650943396226 0.601339013999 0.633802816901 0.631791907514
18 0.01294 14579.8615147 0.637572254335 0.637731481481 0.594906003639 0.578282828283 0.611077664058
19 0.012428 16538.7940135 0.662804171495 0.647680563711 0.645687645688 0.618964514252 0.608747044917
I 20 0.035 50000 5
0.05018
16000.9706656
0 0.012848 15273.5610212 0.642574816488 0.638665132336 0.65577596266 0.638970157987 0.579185520362
1 0.013176 16299.3184578 0.644344400675 0.628555798687 0.636004514673 0.622271964186 0.621142857143
2 0.012032 16326.8577128 0.636101499423 0.619952494062 0.65625 0.64911276474 0.699034639409
3 0.012088 16476.2514891 0.650775416427 0.668232530828 0.65089440277 0.628378378378 0.66184134337
4 0.01224 15624.7921569 0.657077100115 0.618203309693 0.65296803653 0.651056539121 0.664237668161
5 0.01284 15861.705296 0.614976415094 0.6133960047 0.635089686099 0.595492289442 0.671121441023
6 0.012316 15789.7018513 0.652846876727 0.679487179487 0.640753828033 0.643710870803 0.645941278066
7 0.01208 16636.384106 0.64962665135 0.667777777778 0.663104611924 0.658105022831 0.660960795141
8 0.012612 15801.013955 0.602366863905 0.607460035524 0.620668693009 0.652631578947 0.667405764967
9 0.012524 15763.0236346 0.649572649573 0.617224880383 0.6474321985 0.630199430199 0.641860465116
10 0.01256 16276.1805732 0.635234330887 0.666099773243 0.623221400114 0.64174813111 0.674711437566
11 0.013104 15443.0909646 0.612700228833 0.614182692308 0.637193382772 0.627647058824 0.619047619048
12 0.012652 15655.8928233 0.648148148148 0.617871840094 0.65288788222 0.63185840708 0.624203821656
13 0.01244 16411.6337621 0.642253521127 0.645584045584 0.647125782584 0.636154289004 0.664058133035
14 0.012444 16057.9392478 0.643158529234 0.635947338294 0.645856980704 0.65416436845 0.638857142857
15 0.012888 15570.450031 0.621432731508 0.596774193548 0.64347826087 0.639844617092 0.616363636364
16 0.012396 16178.8957728 0.649746192893 0.642105263158 0.64849187935 0.670828603859 0.637689287717
17 0.012464 15813.9518614 0.655152224824 0.661495844875 0.610814022579 0.643428571429 0.641126760563
18 0.013048 15160.9751686 0.608211143695 0.629245826137 0.607289829512 0.641083521445 0.624418604651
19 0.012676 16470.5907226 0.628588166374 0.660079051383 0.656302996043 0.627946127946 0.619977037887
I 20 0.036 50000 5
0.049736
16421.8483995
0 0.01212 16132.7537954 0.648540354894 0.648965902739 0.671541057368 0.676339285714 0.668965517241
1 0.0126 16239.9444444 0.669734704927 0.638059701493 0.64974033468 0.633858267717 0.662374020157
2 0.012636 16198.9056664 0.629794330183 0.629200463499 0.671883432272 0.638173302108 0.65243902439
3 0.012144 16835.2216733 0.670353982301 0.676403207331 0.670893054024 0.644030668127 0.647389107243
4 0.012852 15920.6940554 0.630199430199 0.628094415659 0.663986214819 0.576741440378 0.660979636764
5 0.012776 15592.9705698 0.632629777524 0.624857468643 0.650828729282 0.618966496309 0.667794698252
6 0.012544 16072.1664541 0.633032694476 0.685699319015 0.656216790648 0.665915492958 0.648692810458
7 0.012484 16171.2287728 0.657412548584 0.676056338028 0.638574660633 0.6530160487 0.650273224044
8 0.01276 15794.0636364 0.654178674352 0.61874640598 0.646992692524 0.630698211194 0.640871934605
9 0.012776 15048.0942392 0.635611907387 0.630057803468 0.620907524411 0.661434977578 0.645434047351
10 0.012448 16316.3807841 0.638888888889 0.675124103696 0.63661971831 0.635287485908 0.685776095187
11 0.012304 16540.9031209 0.661264181524 0.626162790698 0.655342465753 0.670218732473 0.671133445003
12 0.012516 16645.6762544 0.67208357516 0.627720504009 0.679458239278 0.626532887402 0.617430673458
13 0.012616 16631.1116043 0.644468904788 0.657488986784 0.664269911504 0.650166852058 0.648648648649
14 0.0123 17214.4074797 0.660145332588 0.645287228109 0.640732265446 0.691017316017 0.651406508549
15 0.01264 16653.2439873 0.658918918919 0.603640634175 0.650776053215 0.671568627451 0.664142779881
16 0.012264 16445.2654925 0.652832305104 0.651564185545 0.657331136738 0.66162978953 0.688914027149
17 0.01264 15974.8794304 0.631785114717 0.669014084507 0.627205463859 0.651097355093 0.657777777778
18 0.012876 15727.2211867 0.644963828603 0.640825432236 0.645576707727 0.64943457189 0.647598488937
19 0.012328 16795.3812459 0.657627118644 0.671397379913 0.626157407407 0.659737417943 0.656851642129
I 20 0.037 50000 5
0.049916
16610.2613992
0 0.012808 16051.0046846 0.652993348115 0.657018022938 0.638402625821 0.65267807841 0.6362631288
1 0.013204 15589.8527719 0.646963997851 0.647089397089 0.637741766858 0.684348739496 0.636904761905
2 0.012516 16589.5506552 0.657556270096 0.641054402692 0.65568544102 0.680767061478 0.649779735683
3 0.012392 16467.9002582 0.651955307263 0.686285397002 0.634840871022 0.639436619718 0.658914728682
4 0.01254 16383.138756 0.656484458735 0.63870246085 0.658483360611 0.665027322404 0.681318681319
5 0.012468 16745.244145 0.684989429175 0.634241245136 0.663806970509 0.672687465791 0.65625
6 0.012268 16004.7081839 0.66329787234 0.693408277976 0.659202621518 0.653130287648 0.693772516727
7 0.012184 16672.0226527 0.664690026954 0.686582809224 0.677489177489 0.672628726287 0.66631130064
8 0.012292 15937.1535958 0.669269380926 0.631666666667 0.659400544959 0.667533818939 0.71242849714
9 0.012128 16638.0841029 0.683835616438 0.637188208617 0.670751198721 0.666844065993 0.692017259978
10 0.012184 17219.6070256 0.667384284177 0.68418230563 0.645620022753 0.670974690361 0.680907172996
11 0.012752 16599.6129235 0.656910569106 0.636723163842 0.671797691039 0.667018469657 0.637903652726
12 0.012844 16894.342261 0.669239250276 0.638084632517 0.656692913386 0.66025974026 0.647217720151
13 0.012556 16493.3125199 0.649754500818 0.665950590763 0.640226628895 0.657357679914 0.686131386861
14 0.012636 17039.7692308 0.651727861771 0.653971708379 0.670523415978 0.660074826296 0.649428415895
15 0.012576 16428.4961832 0.6456390565 0.617780294451 0.654627539503 0.670995670996 0.675806451613
16 0.01254 16880.892185 0.678704195433 0.659282700422 0.681721572795 0.650109170306 0.654320987654
17 0.012792 16295.0753596 0.632261703328 0.677061310782 0.643671917436 0.645562770563 0.667908461948
18 0.012452 16381.8053325 0.671094580234 0.648854961832 0.66719914803 0.652394366197 0.656691134952
19 0.01238 17114.9693053 0.647720877884 0.679957469431 0.635658914729 0.693053311793 0.651581243184
I 20 0.038 50000 5
0.050208
16712.9004143
0 0.01244 16899.6569132 0.661987041037 0.640633533588 0.690890481064 0.66146393972 0.685577942736
1 0.012848 16361.6313823 0.657098121086 0.693175987686 0.654657745754 0.694458566345 0.645445134576
2 0.012348 16794.430839 0.669254658385 0.657570893526 0.687979539642 0.690202517789 0.673553719008
3 0.01226 16638.3526917 0.661780673181 0.692713833157 0.680226570546 0.650273224044 0.673924877518
4 0.012564 16682.281439 0.665448851775 0.662886597938 0.66361679225 0.67531779661 0.679155672823
5 0.01214 17160.4728171 0.692941782586 0.676883116883 0.656043956044 0.682926829268 0.699290060852
6 0.012728 16277.8541798 0.671680497925 0.649619151251 0.667741935484 0.663198247536 0.646687697161
7 0.012512 16783.6294757 0.67451596023 0.656299420137 0.669017905589 0.680423280423 0.660477453581
8 0.012304 16321.4616385 0.678938819708 0.679120879121 0.666666666667 0.674796747967 0.669963560645
9 0.012432 16512.229408 0.691773504274 0.660714285714 0.669316375199 0.67531120332 0.663129973475
10 0.012328 17179.7988319 0.674565560821 0.661674986134 0.66441207076 0.680439330544 0.685428721725
11 0.01264 16329.6566456 0.666491043203 0.647186147186 0.661764705882 0.675745118191 0.672622175512
12 0.012284 16934.5376099 0.67845659164 0.662605932203 0.683094859565 0.668522267206 0.687802256851
13 0.012376 17077.8736264 0.660137638962 0.712033631109 0.655376344086 0.666492420282 0.67549325026
14 0.012716 16794.2019503 0.660168598525 0.652448657188 0.6748434238 0.668058455115 0.663382594417
15 0.01252 16649.400639 0.65306122449 0.67477525119 0.668440659925 0.678986272439 0.665968586387
16 0.012608 16492.4965102 0.686690833765 0.680021085925 0.6573875803 0.657035848047 0.650026553372
17 0.012552 16827.0771192 0.641561297416 0.691780821918 0.666131621188 0.654899894626 0.687751004016
18 0.012488 17095.296925 0.680598555212 0.667188315076 0.683246073298 0.659304251795 0.664229765013
19 0.012616 17139.9311985 0.65698630137 0.683647478349 0.642857142857 0.702349869452 0.667846309403
I 20 0.039 50000 5
0.049728
17105.9925997
0 0.012416 16664.2367912 0.671218487395 0.646995708155 0.692381408721 0.701799485861 0.682083997873
1 0.012548 17058.9209436 0.667004561581 0.700850425213 0.675647668394 0.683765203596 0.661348430262
2 0.0125 16964.06432 0.678571428571 0.665446941976 0.686605316973 0.692106638787 0.676706827309
3 0.012248 16953.9079033 0.672450052576 0.701232032854 0.692070030896 0.692969145169 0.676587301587
4 0.012624 16726.6381496 0.672290388548 0.673326673327 0.68806875632 0.649764767381 0.702898550725
5 0.0121 17342.0809917 0.700953336678 0.684103605891 0.684832904884 0.673283261803 0.68949044586
6 0.012568 16593.1486314 0.680464411913 0.656533333333 0.679876479671 0.67701863354 0.681092220505
7 0.01276 16818.0880878 0.682166581502 0.663223140496 0.663115169964 0.689024390244 0.659936238045
8 0.012108 16472.839445 0.687071240106 0.687867450561 0.680817610063 0.67004048583 0.698875255624
9 0.012544 16642.609375 0.700103950104 0.669565217391 0.674884437596 0.653946680606 0.682914315033
10 0.012656 17080.4023388 0.683887468031 0.669555796316 0.656480505796 0.672552976791 0.684707050645
11 0.0127 16482.3826772 0.673879443586 0.655936675462 0.693825910931 0.633152173913 0.694235588972
12 0.012636 16319.8154479 0.686520376176 0.67181865018 0.679329057721 0.68391959799 0.6951161688
13 0.01248 17400.8096154 0.667701863354 0.717525773196 0.680773249739 0.65374808771 0.673469387755
14 0.012764 16867.2156064 0.669061056952 0.658385093168 0.677228786251 0.672557172557 0.66323907455
15 0.01256 16803.9092357 0.660910518053 0.683804627249 0.676706827309 0.6649823143 0.708141321045
16 0.012156 17403.3484699 0.694135490394 0.68839835729 0.70941475827 0.694690265487 0.670472236637
17 0.012228 17510.4291789 0.650776647027 0.697986577181 0.68835978836 0.685185185185 0.687846696924
18 0.012564 16804.6536135 0.690035052579 0.67614213198 0.642162162162 0.696509863429 0.682653061224
19 0.012664 16821.5846494 0.666489078316 0.69423929099 0.655005382131 0.67054067711 0.689175769613
I 20 0.04 50000 5
0.049728
17296.1492117
0 0.012504 17426.0409469 0.698871996077 0.680612244898 0.646844027126 0.703398058252 0.689350649351
1 0.012628 16837.7101679 0.692836113837 0.685258964143 0.701115963125 0.679651460789 0.67001003009
2 0.012792 17040.5809881 0.658362989324 0.676899849019 0.695035460993 0.678589420655 0.684468397844
3 0.01246 17461.1977528 0.691440287032 0.698514851485 0.694984646878 0.667005076142 0.686236766121
4 0.012004 17422.1126291 0.699203187251 0.698094772838 0.700799200799 0.691916624301 0.710539586485
5 0.012372 16835.5137407 0.676606683805 0.713935230618 0.679245283019 0.667519181586 0.698919197118
6 0.012856 16017.5765401 0.674742268041 0.677648251394 0.669176706827 0.665667166417 0.687215765538
7 0.012596 16752.6506828 0.685829551185 0.68561187916 0.685971043435 0.663878724516 0.67044284243
8 0.012208 17332.3171691 0.701960784314 0.693684733963 0.696733300829 0.693339960239 0.706965174129
9 0.012588 16824.4385129 0.642250530786 0.682801235839 0.668380462725 0.698017285206 0.691
10 0.012368 17035.507762 0.69262086514 0.668933054393 0.690440060698 0.69183983781 0.691448007775
11 0.012572 16924.7079224 0.688888888889 0.681865284974 0.67042542286 0.67716141929 0.700980392157
12 0.012736 16945.5119347 0.693619094009 0.678235002479 0.680020544427 0.682382133995 0.699813258637
13 0.012708 17875.2980799 0.678335870117 0.702290076336 0.675390035229 0.667982239763 0.681116093672
14 0.012476 17723.6120551 0.700807265388 0.676078028747 0.676233635448 0.703574975174 0.670688788336
15 0.011832 17640.1308316 0.702622464127 0.697570649479 0.71763556424 0.692347200822 0.715284715285
16 0.012404 16995.7445985 0.686778593914 0.694444444444 0.693784739768 0.681437715411 0.678968655207
17 0.0127 17306.9155906 0.676352705411 0.671239588437 0.687778327561 0.699604743083 0.694471865745
18 0.012512 17206.0709719 0.674922600619 0.67135678392 0.725633528265 0.670335167584 0.689930209372
19 0.012436 18119.5889353 0.69872423945 0.673956262425 0.699410609037 0.707684824903 0.696705426357
