P 20 0.001 50000 5
0.004124
1.39379243453
0 0.001084 1.53874538745 0.0 0.0 0.0 0.0 0.0
1 0.001132 1.29328621908 0.0 0.0 0.0 0.0 0.0
2 0.001004 1.5219123506 0.0 0.0 0.0 0.0 0.0
3 0.000996 1.16064257028 0.0 0.0 0.0 0.0 0.0
4 0.00112 1.29642857143 0.0 0.0 0.0 0.0 0.0
5 0.000936 1.18803418803 0.0 0.0 0.0 0.0 0.0
6 0.001012 1.06324110672 0.0 0.0 0.0 0.0 0.0
7 0.001084 1.31365313653 0.0 0.0 0.0 0.0 0.0
8 0.000952 1.82773109244 0.0 0.0 0.0 0.0 0.0
9 0.001108 1.440433213 0.0 0.0 0.0 0.0 0.0
10 0.00098 1.30612244898 0.0 0.0 0.0 0.0 0.0
11 0.001 1.34 0.0 0.0 0.0 0.0 0.0
12 0.001112 1.55035971223 0.0 0.0 0.0 0.0 0.0
13 0.001012 1.53754940711 0.0 0.0 0.0 0.0 0.0
14 0.000988 1.11336032389 0.0 0.0 0.0 0.0 0.0
15 0.000932 1.16309012876 0.0 0.0 0.0 0.0 0.0
16 0.000952 1.60924369748 0.0 0.0 0.0 0.0 0.0
17 0.001024 1.23828125 0.0 0.0 0.0 0.0 0.0
18 0.000976 1.43852459016 0.0 0.0 0.0 0.0 0.0
19 0.001016 1.28346456693 0.0 0.0 0.0 0.0 0.0
P 20 0.002 50000 5
0.007992
1.54054054054
0 0.001996 2.43086172345 0.0 0.0 0.0 0.0 0.0
1 0.00208 1.39615384615 0.0 0.0 0.0 0.0 0.0
2 0.002048 1.65234375 0.0 0.0 0.0 0.0 0.0
3 0.002076 1.76107899807 0.0 0.0 0.0 0.0 0.0
4 0.001888 2.32627118644 0.0 0.0 0.0 0.0 0.0
5 0.00196 1.44081632653 0.0 0.0 0.0 0.0 0.0
6 0.001928 1.7510373444 0.0 0.0 0.0 0.0 0.0
7 0.001996 1.70741482966 0.0 0.0 0.0 0.0 0.0
8 0.001864 1.5643776824 0.0 0.0 0.0 0.0 0.0
9 0.002064 1.88372093023 0.0 0.0 0.0 0.0 0.0
10 0.002064 1.97286821705 0.0 0.0 0.0 0.0 0.0
11 0.002108 1.60531309298 0.0 0.0 0.0 0.0 0.0
12 0.001928 2.02074688797 0.0 0.0 0.0 0.0 0.0
13 0.001964 1.68024439919 0.0 0.0 0.0 0.0 0.0
14 0.002024 2.25296442688 0.0 0.0 0.0 0.0 0.0
15 0.002084 1.41074856046 0.0 0.0 0.0 0.0 0.0
16 0.001872 1.52777777778 0.0 0.0 0.0 0.0 0.0
17 0.001992 1.78915662651 0.0 0.0 0.0 0.0 0.0
18 0.002076 2.07899807322 0.0 0.0 0.0 0.0 0.0
19 0.0019 2.28210526316 0.0 0.0 0.0 0.0 0.0
P 20 0.003 50000 5
0.011932
2.1589004358
0 0.002988 1.87550200803 0.0 0.0 0.0 0.0 0.0
1 0.00284 2.8 0.0 0.0 0.0 0.0 0.0
2 0.002992 1.62299465241 0.0 0.0 0.0 0.0 0.0
3 0.0029 2.19724137931 0.0 0.0 0.0 0.0 0.0
4 0.003048 2.22965879265 0.0 0.0 0.0 0.0 0.0
5 0.003 2.28 0.0 0.0 0.0 0.0 0.0
6 0.00294 2.5074829932 0.0 0.0 0.0 0.0 0.0
7 0.003036 2.51119894598 0.0 0.0 0.0 0.0 0.0
8 0.003004 1.96271637816 0.0 0.0 0.0 0.0 0.0
9 0.002876 2.20862308762 0.0 0.0 0.0 0.0 0.0
10 0.00304 2.14210526316 0.0 0.0 0.0 0.0 0.0
11 0.003056 2.91361256545 0.0 0.0 0.0 0.0 0.0
12 0.003012 2.39043824701 0.0 0.0 0.0 0.0 0.0
13 0.003072 2.28125 0.0 0.0 0.0 0.0 0.0
14 0.003004 2.0878828229 0.0 0.0 0.0 0.0 0.0
15 0.003096 2.34108527132 0.0 0.0 0.0 0.0 0.0
16 0.003116 2.92554557125 0.0 0.0 0.0 0.0 0.0
17 0.002816 2.81818181818 0.0 0.0 0.0 0.0 0.0
18 0.002932 2.26057298772 0.0 0.0 0.0 0.0 0.0
19 0.0029 2.04827586207 0.0 0.0 0.0 0.0 0.0
P 20 0.004 50000 5
0.016052
2.9409419387
0 0.004004 2.34765234765 0.0 0.0 0.0 0.0 0.0
1 0.004116 2.72594752187 0.0 0.0 0.0 0.0 0.0
2 0.003876 2.95665634675 0.0 0.0 0.0 0.0 0.0
3 0.004044 3.23046488625 0.0 0.0 0.0 0.0 0.0
4 0.003792 2.77215189873 0.0 0.0 0.0 0.0 0.0
5 0.003916 3.07558733401 0.0 0.0 0.0 0.0 0.0
6 0.004036 3.65312190287 0.0 0.0 0.0 0.0 0.0
7 0.004016 3.23207171315 0.0 0.0 0.0 0.0 0.0
8 0.0041 3.43707317073 0.0 0.0 0.0 0.0 0.0
9 0.003988 2.91675025075 0.0 0.0 0.0 0.0 0.0
10 0.003648 2.66228070175 0.0 0.0 0.0 0.0 0.0
11 0.003984 3.58333333333 0.0 0.0 0.0 0.0 0.0
12 0.003916 2.95505617978 0.0 0.0 0.0 0.0 0.0
13 0.003804 2.45110410095 0.0 0.0 0.0 0.0 0.0
14 0.004372 2.89935956084 0.0 0.0 0.0 0.0 0.0
15 0.00418 3.32631578947 0.0 0.0 0.0 0.0 0.0
16 0.003892 2.73175745118 0.0 0.0 0.0 0.0 0.0
17 0.00402 3.26069651741 0.0 0.0 0.0 0.0 0.0
18 0.003756 3.0851970181 0.0 0.0 0.0 0.0 0.0
19 0.004044 2.78536102868 0.0 0.0 0.0 0.0 0.0
P 20 0.005 50000 5
0.020196
3.7835214894
0 0.004672 3.68150684932 0.0 0.0 0.0 0.0 0.0
1 0.005052 3.32699920823 0.0 0.0 0.0 0.0 0.0
2 0.005112 4.21361502347 0.0 0.0 0.0 0.0 0.0
3 0.00498 4.00401606426 0.0 0.0 0.0 0.0 0.0
4 0.00508 3.55826771654 0.0 0.0 0.0 0.0 0.0
5 0.0053 3.60301886792 0.0 0.0 0.0 0.0 0.0
6 0.005068 3.58405682715 0.0 0.0 0.0 0.0 0.0
7 0.005024 4.33996815287 0.0 0.0 0.0 0.0 0.0
8 0.005048 3.43026941363 0.0 0.0 0.0 0.0 0.0
9 0.004924 3.80422420796 0.0 0.0 0.0 0.0 0.0
10 0.00488 4.47950819672 0.0 0.0 0.0 0.0 0.0
11 0.005012 4.18036711891 0.0 0.0 0.0 0.0 0.0
12 0.005012 3.39824421389 0.0 0.0 0.0 0.0 0.0
13 0.004728 4.43908629442 0.0 0.0 0.0 0.0 0.0
14 0.005108 3.91229444009 0.0 0.0 0.0 0.0 0.0
15 0.00506 4.49565217391 0.0 0.0 0.0 0.0 0.0
16 0.004872 3.85221674877 0.0 0.0 0.0 0.0 0.0
17 0.005004 3.80735411671 0.0 0.0 0.0 0.0 0.0
18 0.004904 4.07504078303 0.0 0.0 0.0 0.0 0.0
19 0.004964 3.91216760677 0.0 0.0 0.0 0.0 0.0
P 20 0.006 50000 5
0.024044
4.52220928298
0 0.00606 5.67128712871 0.0 0.0 0.0 0.0 0.0
1 0.006104 4.79357798165 0.0 0.0 0.0 0.0 0.0
2 0.006228 4.83429672447 0.0 0.0 0.0 0.0 0.0
3 0.006056 5.07331571995 0.0 0.0 0.0 0.0 0.0
4 0.006224 4.43187660668 0.0 0.0 0.0 0.0 0.0
5 0.005676 4.51937984496 0.0 0.0 0.0 0.0 0.0
6 0.006012 4.70326014637 0.0 0.0 0.0 0.0 0.0
7 0.005924 4.9257258609 0.0 0.0 0.0 0.0 0.0
8 0.00594 4.45117845118 0.0 0.0 0.0 0.0 0.0
9 0.005816 4.6939477304 0.0 0.0 0.0 0.0 0.0
10 0.006016 5.37300531915 0.0 0.0 0.0 0.0 0.0
11 0.005928 4.31983805668 0.0 0.0 0.0 0.0 0.0
12 0.006008 4.62516644474 0.0 0.0 0.0 0.0 0.0
13 0.005892 4.95112016293 0.0 0.0 0.0 0.0 0.0
14 0.0061 4.6131147541 0.0 0.0 0.0 0.0 0.0
15 0.005896 4.64721845319 0.0 0.0 0.0 0.0 0.0
16 0.005932 4.49696561025 0.0 0.0 0.0 0.0 0.0
17 0.005704 4.70196353436 0.0 0.0 0.0 0.0 0.0
18 0.006024 4.0823373174 0.0 0.0 0.0 0.0 0.0
19 0.006224 4.72236503856 0.0 0.0 0.0 0.0 0.0
P 20 0.007 50000 5
0.027792
5.77720207254
0 0.007312 5.43818380744 0.0 0.0 0.0 0.0 0.002849002849
1 0.006752 5.65699052133 0.0 0.0 0.0 0.0 0.0
2 0.007252 5.41478212907 0.0 0.0 0.0 0.0 0.0
3 0.006708 6.11031604055 0.0 0.0 0.0 0.0 0.0
4 0.006908 5.10885929357 0.0 0.0 0.0 0.0 0.0
5 0.00696 6.46551724138 0.0 0.0 0.0 0.0 0.0
6 0.006708 5.87954680978 0.0 0.0 0.0 0.0 0.0
7 0.006852 4.89141856392 0.0 0.0 0.0 0.0 0.00307692307692
8 0.006924 5.18890814558 0.0 0.0 0.0 0.0 0.0
9 0.007032 5.51990898749 0.0 0.0 0.0 0.0 0.0
10 0.007004 5.65391205026 0.00268817204301 0.0 0.0 0.0 0.0
11 0.00672 6.53571428571 0.00295857988166 0.0 0.0 0.0 0.0
12 0.007092 4.9853355894 0.0 0.0 0.0 0.0 0.0
13 0.00708 6.00169491525 0.0 0.0 0.0 0.0 0.0
14 0.007064 6.27972819932 0.0 0.0 0.0 0.0 0.0
15 0.007136 6.07959641256 0.0 0.0 0.0 0.0 0.0
16 0.00696 6.9183908046 0.0 0.0 0.0 0.0 0.0
17 0.007084 6.05194805195 0.0 0.0 0.0 0.0 0.0
18 0.00718 5.94317548747 0.00557103064067 0.0 0.0 0.0 0.0
19 0.006948 6.46862406448 0.0 0.0 0.0 0.0 0.0
P 20 0.008 50000 5
0.032016
7.03698150925
0 0.008408 6.87535680304 0.0 0.0 0.0 0.0 0.0
1 0.0078 7.47076923077 0.0 0.0 0.0 0.0 0.0
2 0.007836 6.37774374681 0.0 0.0 0.0 0.0 0.0
3 0.008116 6.33612617053 0.0 0.0 0.0 0.0 0.0
4 0.00784 6.68826530612 0.0 0.0 0.0 0.0 0.0
5 0.00792 8.06313131313 0.0 0.0 0.0 0.0 0.0
6 0.007996 8.21060530265 0.0 0.0 0.0 0.0 0.00496277915633
7 0.008012 7.08686969546 0.0 0.0 0.0 0.0 0.00263852242744
8 0.008236 7.49781447305 0.00272479564033 0.0 0.0 0.0 0.0
9 0.007956 6.48466566114 0.0 0.0 0.0 0.0 0.0
10 0.00778 6.91259640103 0.0 0.0 0.0 0.0 0.0
11 0.008028 5.55854509218 0.0 0.0 0.0 0.0 0.0
12 0.007984 6.9003006012 0.0 0.0 0.0 0.0 0.0
13 0.00814 6.90319410319 0.0 0.0 0.0 0.0 0.0
14 0.008204 7.42515845929 0.00236406619385 0.0 0.0 0.0 0.0
15 0.008104 7.77295162883 0.0 0.0 0.0 0.0 0.0
16 0.007996 7.032016008 0.0 0.0 0.0 0.0 0.0
17 0.00794 6.5637279597 0.0 0.0 0.0 0.0 0.0
18 0.007964 7.1838272225 0.0 0.0 0.0 0.0 0.0
19 0.008092 6.7305981216 0.0 0.0 0.0 0.0 0.0
P 20 0.009 50000 5
0.035568
8.8436797121
0 0.009104 7.45562390158 0.0 0.0 0.0 0.00222222222222 0.0
1 0.008876 8.36502929247 0.0 0.0 0.0 0.0 0.0
2 0.008852 8.48305467691 0.0 0.0 0.0 0.0 0.0
3 0.009204 7.97870491091 0.0 0.0 0.0 0.0 0.0
4 0.0091 9.55516483516 0.0 0.0 0.0 0.0 0.0
5 0.009032 8.68467670505 0.00214132762313 0.0 0.0 0.0 0.0
6 0.008964 8.26863007586 0.0 0.0 0.0 0.0 0.0
7 0.008884 7.7176947321 0.0 0.0 0.00214132762313 0.0 0.0
8 0.00896 9.54151785714 0.0 0.0 0.0 0.0 0.0
9 0.009036 8.79194333776 0.0 0.0 0.00455580865604 0.0 0.00217391304348
10 0.008976 9.42112299465 0.0 0.0 0.0 0.0 0.0
11 0.009008 9.14431616341 0.0 0.0 0.0 0.00225733634312 0.0
12 0.009196 8.01304915181 0.0 0.0 0.0 0.0 0.00234741784038
13 0.008812 7.84521107581 0.0 0.0 0.0 0.0 0.0
14 0.008652 8.59454461396 0.0 0.0 0.0 0.0 0.0
15 0.0088 9.45045454545 0.0 0.0 0.0 0.0 0.0
16 0.009312 9.20360824742 0.0 0.0 0.0 0.0 0.0
17 0.009012 8.20772303595 0.0 0.0 0.0 0.0 0.0
18 0.009172 9.22808547754 0.0 0.0 0.0 0.0 0.0
19 0.008976 7.66087344029 0.00233644859813 0.0 0.0 0.0 0.0
P 20 0.01 50000 5
0.039656
11.3654428082
0 0.010116 9.51561882167 0.0 0.0 0.0 0.0 0.0
1 0.00986 10.7926977688 0.0 0.0 0.0 0.0 0.0
2 0.009864 10.5831305758 0.00195694716243 0.0 0.0 0.0 0.0
3 0.010116 9.40332147094 0.0 0.0 0.0 0.0 0.0
4 0.010212 10.4661182922 0.0 0.0 0.0 0.0 0.0
5 0.01028 12.3186770428 0.00173010380623 0.0 0.0 0.00196463654224 0.0
6 0.00956 9.43054393305 0.0 0.0 0.0 0.00214592274678 0.0
7 0.009668 9.4840711626 0.0 0.0 0.0 0.0 0.0
8 0.009928 10.2586623691 0.0 0.0 0.0 0.0 0.0
9 0.010184 10.9049489395 0.0 0.0 0.0 0.0 0.0
10 0.009988 11.4945935122 0.0 0.0 0.0 0.0 0.0
11 0.010052 11.189017111 0.0 0.0 0.0 0.0 0.0
12 0.010132 10.8665613897 0.0 0.0 0.0 0.0 0.0
13 0.009944 12.1946902655 0.0 0.0 0.0 0.0 0.0
14 0.009976 9.72814755413 0.0 0.0 0.0 0.0 0.0
15 0.01 12.1148 0.0 0.0 0.00202839756592 0.0 0.0
16 0.00996 10.4767068273 0.0 0.0 0.0 0.0 0.0
17 0.010264 11.0128604832 0.0 0.0 0.0 0.00390625 0.0
18 0.010092 11.3016250495 0.00193423597679 0.0 0.0 0.0 0.0
19 0.01036 13.4640926641 0.0 0.0 0.0 0.0 0.0
P 20 0.011 50000 5
0.04402
12.9442980463
0 0.011136 11.8861350575 0.0 0.0 0.00168918918919 0.0 0.0
1 0.010924 13.60856829 0.0 0.0 0.0 0.0 0.0
2 0.011024 12.2260522496 0.0 0.00176991150442 0.00186219739292 0.0 0.0
3 0.010864 14.63365243 0.0 0.0 0.0 0.0 0.0
4 0.011136 13.841954023 0.0 0.0 0.00194174757282 0.00728597449909 0.0
5 0.011092 12.1089073206 0.0 0.0 0.0 0.0 0.0
6 0.010764 12.8439241918 0.0 0.0 0.0 0.0 0.0
7 0.01108 13.6440433213 0.0 0.0 0.00178890876565 0.0 0.0
8 0.010868 14.6591829223 0.0 0.0 0.0 0.0 0.0
9 0.011324 15.3140233133 0.0 0.0 0.0 0.0 0.0
10 0.010956 13.5363271267 0.0 0.0 0.0 0.0 0.0
11 0.010916 13.6907292048 0.0 0.0 0.0 0.0 0.0
12 0.01114 14.4879712747 0.0 0.0 0.0 0.0 0.0
13 0.010992 12.0465793304 0.0 0.0 0.0 0.0 0.0
14 0.01124 11.8932384342 0.0 0.0 0.0 0.0 0.0
15 0.011316 11.6284906327 0.0 0.0 0.0 0.00514579759863 0.0
16 0.01088 13.0757352941 0.0 0.0 0.0 0.0 0.0
17 0.01086 12.7896869245 0.0 0.0 0.0 0.0 0.0
18 0.010896 12.3564610866 0.0 0.0 0.00349040139616 0.0 0.0
19 0.010844 13.1018074511 0.0 0.0 0.0 0.0 0.0
P 20 0.012 50000 5
0.047584
15.6948554136
0 0.011988 16.8465131798 0.0 0.0 0.0 0.0 0.0
1 0.011964 16.5877632899 0.0 0.0 0.0 0.0 0.0
2 0.012236 16.7744360902 0.0 0.0 0.0 0.0 0.0
3 0.011688 15.1228610541 0.0 0.00171821305842 0.0 0.0 0.0
4 0.01198 16.0440734558 0.0 0.0 0.0 0.0 0.0
5 0.011504 15.0198191933 0.0 0.0 0.0 0.0 0.0
6 0.012092 15.5004961958 0.0 0.0 0.0 0.0 0.0
7 0.011924 16.0852063066 0.0 0.0 0.0 0.0 0.0
8 0.012324 15.1716975008 0.0 0.00162337662338 0.00157480314961 0.0 0.0
9 0.012204 14.3851196329 0.0 0.0 0.0 0.0 0.0
10 0.011632 15.1698762036 0.0 0.0 0.00174825174825 0.0 0.0
11 0.011836 17.562690098 0.0 0.0 0.0 0.0 0.0
12 0.012184 13.8929743926 0.0 0.0 0.0 0.0 0.0
13 0.011588 17.4832585433 0.0 0.0 0.0 0.0 0.0
14 0.011956 15.5409836066 0.0 0.00173010380623 0.0 0.0 0.0
15 0.01182 14.8020304569 0.0 0.0 0.0 0.0 0.0
16 0.011832 14.2035158891 0.0 0.0 0.0 0.0 0.0
17 0.011892 16.3309788093 0.0 0.0 0.0 0.00175746924429 0.0
18 0.012552 15.678138942 0.0 0.0 0.0 0.0 0.0
19 0.012172 17.7857377588 0.0 0.0 0.0 0.0 0.0
P 20 0.013 50000 5
0.051596
19.4544538336
0 0.012996 19.6571252693 0.0 0.0 0.00469483568075 0.00149700598802 0.0
1 0.013376 18.7819976077 0.0 0.0 0.0 0.0 0.0
2 0.012864 20.5416666667 0.0 0.0 0.0 0.0 0.00607902735562
3 0.012924 19.1677499226 0.0 0.0 0.0 0.0 0.00647249190939
4 0.012692 17.6161361488 0.0 0.0 0.00345423143351 0.0 0.0
5 0.012844 19.4531298661 0.00152207001522 0.00159489633174 0.0 0.0 0.0
6 0.0131 16.6745038168 0.0 0.00617283950617 0.0 0.0 0.0
7 0.012928 18.0139232673 0.0 0.0 0.0 0.0 0.0
8 0.012676 18.9709687599 0.0 0.0 0.0 0.0 0.0
9 0.013088 19.6167481663 0.00143061516452 0.0 0.0 0.0 0.0
10 0.012892 21.2038473472 0.0 0.00163666121113 0.0 0.0 0.0
11 0.01304 19.5478527607 0.0 0.0 0.0 0.0 0.0
12 0.013036 18.9177661859 0.0 0.0 0.0 0.0 0.0
13 0.013104 19.4786324786 0.0 0.0 0.00155279503106 0.0 0.0
14 0.013088 16.6833740831 0.0 0.0 0.0 0.0 0.0
15 0.013044 20.1088623122 0.0 0.0 0.0 0.0015873015873 0.0
16 0.012844 17.758953597 0.0 0.0 0.0 0.0 0.00154320987654
17 0.013016 19.4993853719 0.0 0.0 0.0 0.0 0.0
18 0.012976 18.2987053021 0.0 0.0 0.0 0.0 0.0
19 0.012996 17.6525084641 0.0 0.0 0.0 0.0 0.00294985250737
P 20 0.014 50000 5
0.055988
24.4143030649
0 0.014276 26.6124964976 0.0 0.0 0.0 0.00137741046832 0.0014064697609
1 0.014104 26.433068633 0.0 0.0 0.0 0.0 0.0
2 0.014116 25.3819778974 0.0 0.0 0.0 0.0 0.00142045454545
3 0.013644 22.8997361478 0.00144927536232 0.0 0.0 0.0 0.0
4 0.013984 24.9968535469 0.0 0.0 0.0 0.0068870523416 0.0
5 0.013704 25.9168126095 0.0 0.0014164305949 0.0 0.0 0.0
6 0.014356 25.890220117 0.0 0.00582241630277 0.0 0.0 0.0
7 0.013756 23.8089560919 0.0 0.0 0.0 0.0 0.0
8 0.013964 25.2781437983 0.0 0.0 0.0 0.0 0.0
9 0.013916 23.7528025295 0.0 0.0 0.00153846153846 0.0 0.0
10 0.013856 22.983256351 0.0 0.00137551581843 0.0 0.0 0.0
11 0.013808 26.710023175 0.0 0.0 0.0 0.00151745068285 0.00414364640884
12 0.01404 22.2108262108 0.0 0.0 0.0 0.0 0.0
13 0.013804 24.3387423935 0.0 0.0 0.0 0.0014164305949 0.0
14 0.013552 23.9043683589 0.00145348837209 0.0 0.0 0.0 0.00143472022956
15 0.014248 26.5676586188 0.0 0.0 0.0 0.0 0.0
16 0.013912 23.2832087407 0.0 0.0 0.0 0.0 0.0
17 0.014264 28.5176668536 0.0028818443804 0.0 0.0 0.00129701686122 0.0
18 0.014088 24.1777399205 0.0 0.0 0.0 0.0 0.0
19 0.013844 22.9595492632 0.0 0.0 0.00148367952522 0.0 0.0
P 20 0.015 50000 5
0.059716
34.1799182799
0 0.01496 32.6409090909 0.0 0.0 0.0 0.0 0.0
1 0.015072 32.696656051 0.0 0.00132978723404 0.0 0.00536912751678 0.0
2 0.014744 35.0347259902 0.0 0.0 0.0 0.0 0.0
3 0.015188 33.6202264946 0.00131926121372 0.0 0.0 0.00265604249668 0.0
4 0.014844 33.5904068984 0.0 0.0 0.0 0.0 0.0
5 0.015428 34.7801400052 0.0 0.00132275132275 0.0 0.00514800514801 0.0
6 0.01494 36.4297188755 0.0 0.00275103163686 0.0 0.0 0.0
7 0.014716 30.9714596358 0.00131406044678 0.0 0.0 0.0 0.0
8 0.015312 35.5493730408 0.00126903553299 0.0 0.0 0.0 0.0
9 0.015164 32.4236349248 0.0 0.00265957446809 0.00273224043716 0.0 0.0
10 0.014768 30.715872156 0.0 0.00719424460432 0.0 0.0 0.0
11 0.014772 28.0793392905 0.0 0.0 0.00132450331126 0.0 0.0
12 0.014656 32.2873908297 0.0 0.0 0.0 0.00136612021858 0.0
13 0.015176 35.8181338956 0.00123304562269 0.0 0.0 0.0 0.0
14 0.015152 33.0757655755 0.0 0.00131752305665 0.0 0.0 0.0
15 0.015032 29.0058541778 0.0 0.0 0.0 0.0 0.0
16 0.014764 28.8905445679 0.0 0.0 0.0 0.0 0.0
17 0.01484 31.8401617251 0.0 0.0 0.0 0.0 0.0
18 0.01508 32.4671087533 0.00381194409149 0.0 0.0 0.0 0.0
19 0.014672 31.9719193021 0.00271002710027 0.0 0.0 0.0 0.0
P 20 0.016 50000 5
0.063508
44.899729168
0 0.015584 46.0662217659 0.00255754475703 0.00125786163522 0.0 0.0 0.0
1 0.015984 45.8711211211 0.00125 0.0 0.0 0.00124688279302 0.0
2 0.016252 41.4257937485 0.0 0.0 0.0 0.0 0.0
3 0.01584 48.1752525253 0.00123609394314 0.00127226463104 0.0 0.0 0.0
4 0.0159 46.7277987421 0.0 0.0 0.0 0.0 0.0
5 0.01594 46.2125470514 0.0 0.0 0.0 0.00243902439024 0.00271002710027
6 0.01556 49.998714653 0.0 0.0 0.00126903553299 0.0 0.0
7 0.016208 45.3514313919 0.0 0.00127388535032 0.00595238095238 0.00361881785283 0.0
8 0.016288 53.9668467583 0.0 0.0 0.00131578947368 0.0 0.0
9 0.015676 38.4036744067 0.0 0.0 0.0 0.00364077669903 0.0
10 0.015828 41.8792014152 0.0 0.0 0.0 0.0 0.0
11 0.01598 41.9687108886 0.00248138957816 0.0 0.0 0.0 0.0
12 0.015556 44.7588068912 0.0 0.0 0.00863131935882 0.00133689839572 0.0
13 0.015964 44.6963167126 0.00486618004866 0.00252206809584 0.0 0.0 0.00246609124538
14 0.015668 43.2443196324 0.0 0.00370828182942 0.0 0.00128040973111 0.0
15 0.016264 50.9508116085 0.0 0.00126103404792 0.0 0.0 0.0
16 0.016084 47.6267097737 0.0 0.0 0.0 0.0 0.0
17 0.015948 43.532731377 0.0 0.0 0.0 0.0 0.0100376411543
18 0.015868 45.858079153 0.00123304562269 0.00266311584554 0.00120627261761 0.00380228136882 0.00125786163522
19 0.016444 47.1542203843 0.0107784431138 0.0 0.0 0.0 0.0
P 20 0.017 50000 5
0.068236
87.5728940735
0 0.016656 75.6013448607 0.0 0.0 0.0140515222482 0.0 0.00252525252525
1 0.017276 70.8492706645 0.00455062571104 0.0 0.0 0.0 0.0
2 0.016792 72.9261553121 0.00229095074456 0.0 0.00112866817156 0.002457002457 0.00249376558603
3 0.017004 85.870618678 0.00120481927711 0.0 0.00235849056604 0.00115473441109 0.0
4 0.016932 67.2629340893 0.0 0.0 0.00231213872832 0.0 0.00232558139535
5 0.017008 78.8603010348 0.0 0.0 0.0103092783505 0.0 0.0
6 0.016836 72.4283677833 0.0 0.0 0.00119760479042 0.0 0.0
7 0.01706 71.4229777257 0.0 0.00356718192628 0.0059880239521 0.0 0.00119331742243
8 0.016688 63.978906999 0.0 0.0036496350365 0.0 0.0 0.0
9 0.01748 93.1874141876 0.0 0.0 0.0 0.00218340611354 0.00334821428571
10 0.017192 76.7510469986 0.0 0.0 0.0 0.00239520958084 0.00355450236967
11 0.0169 76.9337278107 0.00219538968167 0.0 0.0 0.00123762376238 0.00361445783133
12 0.016532 68.4892330027 0.00228310502283 0.00396825396825 0.00125 0.0 0.0
13 0.016776 71.6676204101 0.0 0.00121359223301 0.0046565774156 0.0 0.00242424242424
14 0.016576 74.1503378378 0.004884004884 0.0 0.0 0.0 0.00355029585799
15 0.017212 67.836160818 0.0 0.00114942528736 0.0 0.0 0.00340522133939
16 0.017392 94.3249770009 0.0 0.0 0.0 0.00217155266015 0.00341685649203
17 0.017112 81.4530154278 0.00117785630153 0.00120336943442 0.00123456790123 0.002200220022 0.00112994350282
18 0.0172 83.5739534884 0.00343642611684 0.0 0.00367197062424 0.0 0.00449438202247
19 0.016892 78.6017049491 0.0 0.0 0.00587544065805 0.0114649681529 0.0
P 20 0.018 50000 5
0.071112
119.141298234
0 0.017912 103.374720858 0.0 0.0 0.0 0.00323275862069 0.00902934537246
1 0.018176 172.801716549 0.0 0.0 0.0031612223393 0.0 0.0
2 0.01786 121.262038074 0.0 0.0 0.0 0.00111607142857 0.00225479143179
3 0.018028 155.197692478 0.0 0.0 0.0090395480226 0.00213447171825 0.0
4 0.018104 148.503093239 0.00217864923747 0.0 0.0 0.0 0.0
5 0.017812 121.408713227 0.0 0.0 0.00332594235033 0.00345224395857 0.00108932461874
6 0.017804 136.177263536 0.0 0.0 0.00556792873051 0.0 0.0
7 0.01766 125.837599094 0.00464576074332 0.0 0.00114285714286 0.00222469410456 0.0
8 0.017416 119.470601746 0.00448933782267 0.002331002331 0.00904977375566 0.00112612612613 0.0
9 0.01784 121.398654709 0.00111111111111 0.0 0.0 0.0 0.00110741971207
10 0.017724 113.35567592 0.0 0.00446927374302 0.002200220022 0.00216919739696 0.0011655011655
11 0.018036 124.42692393 0.0 0.0 0.00670391061453 0.0 0.00451467268623
12 0.017216 111.031598513 0.0107270560191 0.0 0.00114025085519 0.00932400932401 0.00350877192982
13 0.01818 141.882068207 0.0011273957159 0.00227272727273 0.0123966942149 0.00214822771214 0.00111482720178
14 0.018044 109.30902239 0.0 0.00760869565217 0.00216684723727 0.00114547537228 0.00112612612613
15 0.017952 140.622994652 0.00114285714286 0.003367003367 0.0 0.00335570469799 0.0032967032967
16 0.018128 134.723300971 0.00658616904501 0.00221238938053 0.0 0.00221483942414 0.0
17 0.018132 127.408559453 0.00111482720178 0.0 0.00363196125908 0.0 0.00655737704918
18 0.0182 111.947692308 0.0 0.0 0.0 0.00348432055749 0.0
19 0.017708 117.76711091 0.00696864111498 0.00225479143179 0.0 0.00529100529101 0.00475624256837
P 20 0.019 50000 5
0.07448
653.083995704
0 0.019072 423.494127517 0.0147058823529 0.02416918429 0.0041067761807 0.011879049676 0.0171198388721
1 0.018792 349.930183057 0.0 0.0 0.00105708245243 0.0 0.00928792569659
2 0.018736 294.982707088 0.00105485232068 0.00314136125654 0.00638977635783 0.00105152471083 0.00110741971207
3 0.01846 470.465005417 0.00553709856035 0.00326086956522 0.0294117647059 0.0021164021164 0.0301455301455
4 0.018352 393.323452485 0.0153340635268 0.0153677277717 0.0114464099896 0.0010764262648 0.0449320794148
5 0.018576 325.233204134 0.0109769484083 0.0200400801603 0.00110864745011 0.00328227571116 0.0
6 0.018328 291.713662156 0.015923566879 0.00217391304348 0.0174358974359 0.0135275754422 0.0212014134276
7 0.019056 381.128463476 0.00915564598169 0.0010775862069 0.0 0.00201816347124 0.0242360379347
8 0.018708 329.434466538 0.00938477580813 0.0 0.008537886873 0.00609137055838 0.0
9 0.01886 355.254931071 0.0163043478261 0.0 0.0154639175258 0.00204081632653 0.0225409836066
10 0.01884 486.702335456 0.0145681581686 0.00749464668094 0.00627615062762 0.0020618556701 0.0150214592275
11 0.018796 313.281123643 0.00320512820513 0.0229166666667 0.030959752322 0.00414937759336 0.0148462354189
12 0.018912 499.701988156 0.0 0.00307692307692 0.00588812561335 0.0374331550802 0.0182599355532
13 0.018468 358.728395062 0.0198537095089 0.015479876161 0.0280172413793 0.00223964165733 0.0042735042735
14 0.01852 386.239740821 0.01100110011 0.00732984293194 0.00737618545838 0.0 0.015306122449
15 0.018612 356.212980873 0.0152594099695 0.0117521367521 0.00219058050383 0.015690376569 0.0108932461874
16 0.01904 466.434453782 0.0326409495549 0.0 0.0040899795501 0.0176165803109 0.0032930845225
17 0.018752 606.340443686 0.00614754098361 0.0154479917611 0.0123734533183 0.0103842159917 0.0754716981132
18 0.018836 412.453387131 0.0363070539419 0.00320512820513 0.0118025751073 0.0 0.0111561866126
19 0.0186 380.441290323 0.0032502708559 0.00531349628055 0.0627530364372 0.00655737704918 0.0214285714286
P 20 0.02 50000 5
0.074668
2011.52215139
0 0.018732 1654.15908606 0.0266120777892 0.0364203954214 0.111782477341 0.00504032258065 0.100767754319
1 0.019156 1833.56755064 0.0909090909091 0.0410821643287 0.021484375 0.108082706767 0.0042328042328
2 0.018752 1915.26386519 0.0935613682093 0.0521042084168 0.100294985251 0.0514563106796 0.0490981963928
3 0.018428 1848.5815064 0.060120240481 0.0738461538462 0.0737051792829 0.102434077079 0.0811594202899
4 0.018684 1909.23656605 0.0797310278578 0.0522088353414 0.0653728294178 0.0866141732283 0.117254528122
5 0.01866 1304.75476956 0.0467289719626 0.064453125 0.0715005035247 0.0393939393939 0.0766129032258
6 0.018712 1805.23193673 0.141651031895 0.0854021847071 0.0658025922233 0.0421155729677 0.0433436532508
7 0.0188 1421.61446809 0.0422396856582 0.0261044176707 0.103414634146 0.0313479623824 0.0599793174767
8 0.018636 1655.65378837 0.061678463094 0.0310492505353 0.0803921568627 0.0829220138203 0.0143884892086
9 0.018764 1456.18546152 0.0337078651685 0.0643564356436 0.0457317073171 0.0386571719227 0.101079489696
10 0.018704 1777.46300257 0.0605759682224 0.0375 0.0429141716567 0.0830039525692 0.0864811133201
11 0.018784 1165.29770017 0.0885826771654 0.029106029106 0.0 0.0428134556575 0.0881188118812
12 0.018444 2114.04467578 0.0868292682927 0.132424537488 0.0680680680681 0.0283613445378 0.0784508440914
13 0.018936 1581.77334178 0.0754332313965 0.0561023622047 0.0260782347041 0.0591715976331 0.0906460945034
14 0.018596 2471.13422241 0.041958041958 0.097037793667 0.0851674641148 0.111330049261 0.0945558739255
15 0.01878 1908.67731629 0.13431372549 0.0830860534125 0.0643939393939 0.0538687561214 0.0411946446962
16 0.018768 1930.98380222 0.0450643776824 0.0398803589232 0.0997150997151 0.0252525252525 0.0684104627767
17 0.018892 1494.44696168 0.0575176589304 0.0509490509491 0.0604838709677 0.0639360639361 0.0415019762846
18 0.018856 1472.98027153 0.0486815415822 0.0614634146341 0.0708582834331 0.0859073359073 0.0468431771894
19 0.01872 1685.99594017 0.065606361829 0.0572556762093 0.0615079365079 0.0922473012758 0.0786290322581
P 20 0.021 50000 5
0.074464
2964.58207993
0 0.018532 3329.11590762 0.159194876487 0.105722599418 0.0424481737414 0.130929791271 0.158774373259
1 0.018812 3019.64512014 0.117760617761 0.114391143911 0.137707948244 0.0942857142857 0.118470149254
2 0.018404 2884.06694197 0.108588351431 0.117478510029 0.123352165725 0.18149146451 0.108986615679
3 0.019028 2230.55959638 0.111835973905 0.0292112950341 0.151717557252 0.0969245107176 0.0875
4 0.018644 2943.50847458 0.0961538461538 0.139252336449 0.0981535471331 0.0656370656371 0.134928229665
5 0.01862 2337.79355532 0.0891972249752 0.093992248062 0.0894230769231 0.118860510806 0.0626836434868
6 0.019236 2521.36785194 0.0847127555988 0.0967117988395 0.111933395005 0.0596153846154 0.0777058279371
7 0.019032 2336.09037411 0.09412861137 0.0757430488974 0.141274238227 0.075888568684 0.091796875
8 0.018436 3131.8418312 0.197610294118 0.0810295519542 0.157746478873 0.100574712644 0.128491620112
9 0.018852 2587.31869298 0.0383858267717 0.112158341188 0.0996204933586 0.0739299610895 0.163074039363
10 0.019336 2667.64542822 0.0415094339623 0.0864422202002 0.148745519713 0.0840496657116 0.132310642378
11 0.01884 2544.38280255 0.0762548262548 0.117125984252 0.0684161199625 0.171428571429 0.0233265720081
12 0.018768 1993.58866155 0.174748398902 0.0367346938776 0.0767018216683 0.0712195121951 0.0717846460618
13 0.018912 2913.75105753 0.163172288058 0.0546341463415 0.109972041007 0.171745152355 0.100909090909
14 0.01826 3001.62979189 0.102316602317 0.118446601942 0.107766990291 0.136973180077 0.165593376265
15 0.018628 2510.37449002 0.0633663366337 0.0928229665072 0.15602189781 0.098376313276 0.144497607656
16 0.019036 2503.47152763 0.0637707948244 0.1761416589 0.0981132075472 0.110798122066 0.0716360116167
17 0.018348 3529.7000218 0.106936416185 0.129680365297 0.111219512195 0.1875 0.143961352657
18 0.01876 2689.28336887 0.0746561886051 0.0813397129187 0.147478591817 0.0648596321394 0.11217641419
19 0.01876 2342.99978678 0.0324803149606 0.0766208251473 0.0714985308521 0.160993560258 0.132057416268
P 20 0.022 50000 5
0.075436
3651.48581579
0 0.018868 3328.3741785 0.102539981185 0.165281625115 0.177536231884 0.12032816773 0.1243339254
1 0.018408 4285.26488483 0.197542533081 0.162748643761 0.127027027027 0.200869565217 0.145586897179
2 0.01878 3342.60063898 0.155797101449 0.142342342342 0.136363636364 0.116279069767 0.14137606032
3 0.01914 3033.06938349 0.113356766257 0.170093457944 0.127853881279 0.109990834097 0.147918511957
4 0.018708 3396.65084456 0.197170645447 0.0957746478873 0.159486709441 0.121951219512 0.15405904059
5 0.019296 3581.11401327 0.148767605634 0.12954333644 0.148992112182 0.153297682709 0.109333333333
6 0.018292 4561.92062104 0.174908424908 0.153291253381 0.146788990826 0.156367041199 0.187387387387
7 0.018576 3925.60766581 0.095595126523 0.180457746479 0.221033868093 0.146821844226 0.181333333333
8 0.018988 3199.93701285 0.158273381295 0.181431005111 0.171654929577 0.0878504672897 0.132899628253
9 0.018796 3538.33751862 0.166811468288 0.121266968326 0.0963740458015 0.167433302668 0.163321167883
10 0.019308 3050.2512948 0.0774315391879 0.169553327256 0.127853881279 0.103669724771 0.0667284522706
11 0.018624 3502.04725086 0.128133704735 0.148609779482 0.132854578097 0.136022514071 0.107954545455
12 0.01922 3412.5962539 0.114233907525 0.129664179104 0.134529147982 0.103189493433 0.131907308378
13 0.018752 3674.59662969 0.10750695088 0.142988929889 0.12534562212 0.149446494465 0.18930762489
14 0.019072 3061.60801174 0.126142595978 0.0513565891473 0.095547309833 0.141941391941 0.151152073733
15 0.018852 3694.71992362 0.143111111111 0.14533820841 0.165755919854 0.147874306839 0.0818438381938
16 0.018452 3982.90136571 0.148722627737 0.142045454545 0.142723004695 0.150976909414 0.165898617512
17 0.019288 3512.46806304 0.134383688601 0.09738503156 0.148114901257 0.125775022143 0.153161175423
18 0.018492 3362.79126109 0.0810810810811 0.118848653668 0.17488372093 0.194570135747 0.190941385435
19 0.018944 3526.84037162 0.177876106195 0.0925401322002 0.148250460405 0.14005352364 0.14629794826
P 20 0.023 50000 5
0.074956
4888.15406372
0 0.018516 4668.03802117 0.185863874346 0.190644307149 0.140161725067 0.217838765009 0.201053555751
1 0.018436 4641.24083315 0.163504968383 0.19187554019 0.246753246753 0.146714671467 0.220452640402
2 0.018504 4865.2464332 0.183978873239 0.186560565871 0.201620162016 0.16768558952 0.196061643836
3 0.019004 4107.06945906 0.190981432361 0.198606271777 0.19627749577 0.163469557965 0.144
4 0.018496 4673.19852941 0.148708815672 0.198080279232 0.188848920863 0.172535211268 0.222793487575
5 0.01904 4298.23613445 0.19014084507 0.176569037657 0.173126614987 0.0941499085923 0.245204336947
6 0.019104 4416.04857621 0.179236912156 0.153980752406 0.200836820084 0.146114864865 0.222692633362
7 0.018888 4912.80156713 0.153717627402 0.201026518392 0.181969949917 0.226447709594 0.211218229623
8 0.019116 4335.36472065 0.257987220447 0.158662092624 0.166666666667 0.241320914479 0.0714940421632
9 0.018656 4736.36921098 0.192644483363 0.200507614213 0.203832752613 0.159574468085 0.154611211573
10 0.019248 3588.70428096 0.135802469136 0.098450319052 0.193162393162 0.194275802255 0.162348877375
11 0.01898 4523.68556375 0.185281385281 0.161803713528 0.165224913495 0.171202809482 0.194042553191
12 0.018684 4440.71012631 0.15770609319 0.182133564614 0.169565217391 0.216006884682 0.200346921075
13 0.018516 4730.92655001 0.207945900254 0.170044052863 0.232020547945 0.229648671808 0.159471365639
14 0.0189 4960.08783069 0.16941789748 0.156222418358 0.230769230769 0.152705061082 0.208583690987
15 0.01864 4668.98712446 0.189473684211 0.149161518094 0.134841628959 0.244407622204 0.213228894691
16 0.018396 5382.72407045 0.185908319185 0.220880069025 0.228947368421 0.148245614035 0.239279588336
17 0.019292 4279.00829359 0.160869565217 0.127383015598 0.21083827265 0.175958188153 0.1597582038
18 0.019372 4331.32211439 0.159752868491 0.125438596491 0.180483592401 0.191311612364 0.170628183362
19 0.018636 5144.45374544 0.182767624021 0.194862710363 0.185283687943 0.201890034364 0.182512733447
P 20 0.024 50000 5
0.075456
5517.63443596
0 0.019216 4828.33159867 0.145118733509 0.22445561139 0.230832646331 0.1393514461 0.182343234323
1 0.018976 5721.18212479 0.232039636664 0.205754141238 0.213311948677 0.228410008071 0.197007481297
2 0.018496 5988.0490917 0.252086811352 0.196843853821 0.243421052632 0.217502124044 0.220338983051
3 0.01878 5364.54760383 0.207184628237 0.159268929504 0.245849802372 0.254771784232 0.237469186524
4 0.018812 5558.71783968 0.22176422094 0.157054125998 0.218446601942 0.222972972973 0.240329218107
5 0.0188 5414.20702128 0.203488372093 0.20050547599 0.212908633697 0.251457119067 0.157987643425
6 0.019128 5269.29339189 0.201022146508 0.221576763485 0.208737864078 0.162414965986 0.209555741827
7 0.018564 6116.77203189 0.229797979798 0.200819672131 0.178938356164 0.259816207185 0.260408163265
8 0.018788 5000.23057271 0.186794092094 0.222591362126 0.168578993822 0.213511259383 0.218620116376
9 0.018548 6253.91610955 0.240285487708 0.235294117647 0.239448051948 0.215062761506 0.285371702638
10 0.018556 5891.46410864 0.267984189723 0.22619047619 0.25181598063 0.284275755229 0.185628742515
11 0.019012 4970.18325268 0.226130653266 0.178542178542 0.22129086337 0.221854304636 0.187606112054
12 0.018832 5383.74447749 0.198175787728 0.208196721311 0.187062937063 0.210212765957 0.209482758621
13 0.018932 5114.58229453 0.217886178862 0.194017094017 0.157167530225 0.245657568238 0.214046822742
14 0.01892 5417.12832981 0.222967309304 0.233195020747 0.146341463415 0.245928338762 0.217681401168
15 0.018888 5219.91550191 0.264588329337 0.160139251523 0.264681555004 0.194103194103 0.195325542571
16 0.018864 5190.04558948 0.182749786507 0.224337748344 0.230901287554 0.152192605331 0.206751054852
17 0.018852 5454.97687248 0.247933884298 0.241830065359 0.207095709571 0.164115646259 0.206984667802
18 0.019132 5073.65607359 0.207609594706 0.27171314741 0.225645295587 0.204905063291 0.163667523565
19 0.019448 5284.70526532 0.201954397394 0.191701244813 0.195979899497 0.213703099511 0.194103194103
P 20 0.025 50000 5
0.07464
6223.70203644
0 0.01836 6274.50675381 0.264563106796 0.242983159583 0.305205047319 0.247572815534 0.247766043867
1 0.018976 6441.24325464 0.242376856919 0.246893123447 0.263117870722 0.214402618658 0.227535037098
2 0.019208 5419.05476885 0.181069958848 0.242522231205 0.232423490488 0.19805982215 0.234488315874
3 0.018692 6162.8320137 0.278048780488 0.215510204082 0.219189412738 0.243527508091 0.233576642336
4 0.018924 5748.37053477 0.299694189602 0.194397283531 0.205457463884 0.265536723164 0.224719101124
5 0.01928 6094.11991701 0.188167625308 0.233629749394 0.218921032056 0.26986624705 0.221951219512
6 0.019008 5712.07302189 0.220623501199 0.251597444089 0.231481481481 0.215261044177 0.216171617162
7 0.019096 6074.82446586 0.274371069182 0.207592891761 0.207425343019 0.257494235204 0.247960848287
8 0.018476 6481.67763585 0.249598715891 0.274647887324 0.266826923077 0.276377952756 0.26746031746
9 0.018304 6556.97486888 0.24106400665 0.265089722675 0.256578947368 0.263779527559 0.25922953451
10 0.018832 5916.9471113 0.209731543624 0.255718954248 0.270588235294 0.2168 0.264957264957
11 0.018796 6467.12108959 0.239095315024 0.222480620155 0.250205086136 0.268217054264 0.263763352506
12 0.018676 6373.8787749 0.225779967159 0.234076433121 0.251612903226 0.255044390638 0.28838659392
13 0.018732 5732.34336963 0.3208 0.230516817063 0.254091971941 0.212698412698 0.240577385726
14 0.019052 5673.18286794 0.275968992248 0.258299595142 0.228953579858 0.197379197379 0.192372881356
15 0.018748 5863.15510988 0.247855917667 0.207207207207 0.225552050473 0.2464 0.263242375602
16 0.01882 5969.58448459 0.22421875 0.24780876494 0.200666111574 0.238134887594 0.290143084261
17 0.018376 6388.3541576 0.289391575663 0.262321144674 0.26374501992 0.271565495208 0.262439807384
18 0.018924 6091.46459522 0.205190592052 0.304545454545 0.233890214797 0.190239867659 0.319847328244
19 0.019244 6010.65059239 0.251181102362 0.227454110136 0.26503164557 0.203583061889 0.185950413223
P 20 0.026 50000 5
0.074844
7185.28224039
0 0.018916 6733.57115669 0.247021445592 0.245151280062 0.25140562249 0.248062015504 0.318284424379
1 0.018508 7532.15215042 0.326070038911 0.273491214668 0.220976781425 0.295573893473 0.327844311377
2 0.018788 6693.85352353 0.256 0.267563527653 0.294823705926 0.26792750197 0.30664652568
3 0.019352 6619.02935097 0.270910436714 0.298662704309 0.314773570898 0.247311827957 0.209119496855
4 0.01882 6127.92943677 0.329215116279 0.210912052117 0.308103975535 0.228112449799 0.244213886672
5 0.019152 6592.84857978 0.278587874137 0.235478806907 0.251787132645 0.265465935787 0.25543071161
6 0.018532 7238.21152601 0.282774390244 0.276563677468 0.241706161137 0.299758259468 0.303240740741
7 0.019064 6804.31787663 0.284090909091 0.285714285714 0.222730739893 0.290322580645 0.265527950311
8 0.018756 6427.45638729 0.290598290598 0.244816586922 0.297006907137 0.2375 0.273079906905
9 0.018492 7578.42331819 0.322206095791 0.286153846154 0.286852589641 0.262411347518 0.280185758514
10 0.018916 6626.56967646 0.223214285714 0.275941583397 0.284748309542 0.258540372671 0.287258687259
11 0.01876 7398.46055437 0.282089552239 0.248833592535 0.271538461538 0.284073506891 0.351988217968
12 0.019232 7033.12396007 0.28115727003 0.226978998384 0.231072555205 0.255615801704 0.276205049732
13 0.01908 6883.3327044 0.242955064737 0.258267716535 0.269525267994 0.276875483372 0.288939051919
14 0.018884 6569.03156111 0.216838760921 0.325355272999 0.292974588939 0.28549382716 0.241515390687
15 0.01842 7744.27079262 0.267734553776 0.259984338293 0.328614008942 0.307460437076 0.308719560094
16 0.018792 6708.37845892 0.287392325764 0.246943765281 0.28247734139 0.25903151422 0.288922155689
17 0.018916 6518.06491859 0.251370399374 0.295950155763 0.259315589354 0.261065266317 0.288506645817
18 0.018472 6797.05262018 0.272517321016 0.347626339969 0.264106583072 0.318939393939 0.239752513534
19 0.019228 6223.11462451 0.245181187355 0.289726533629 0.270864946889 0.280780780781 0.275229357798
P 20 0.027 50000 5
0.074772
7857.72626117
0 0.018824 7882.42583935 0.260432766615 0.304023845007 0.321752265861 0.295836376917 0.31290555155
1 0.018832 7625.46707732 0.273124544792 0.28838659392 0.32361516035 0.297583081571 0.30854197349
2 0.019176 7154.21881519 0.29537366548 0.281109445277 0.28139183056 0.321243523316 0.280353200883
3 0.01882 7295.94750266 0.298091042584 0.268181818182 0.282031842305 0.29295987888 0.332840236686
4 0.01872 8266.29401709 0.261619190405 0.265003897116 0.317090909091 0.327219369039 0.354001441961
5 0.018848 8056.13285229 0.301788375559 0.29433681073 0.326149425287 0.265813253012 0.335511982571
6 0.018564 7340.13574661 0.274268104777 0.30223880597 0.291605301915 0.314606741573 0.34587020649
7 0.0192 7006.63729167 0.284848484848 0.264108352144 0.2910906298 0.300451807229 0.210161662818
8 0.01884 7683.19830149 0.283783783784 0.315519765739 0.33357400722 0.294556301268 0.265432098765
9 0.018796 7350.20046818 0.296296296296 0.308166409861 0.283724340176 0.348290598291 0.302037845706
10 0.018948 7341.31750053 0.265541059094 0.300451807229 0.302205882353 0.305779078274 0.29823269514
11 0.018492 7589.76530392 0.355769230769 0.26768781911 0.339748334567 0.29992464205 0.295592705167
12 0.018752 7641.31463311 0.284291187739 0.285398230088 0.362093352192 0.330697340043 0.291139240506
13 0.018836 7612.678488 0.307858687815 0.294556301268 0.279847908745 0.310043668122 0.326908821349
14 0.018688 7706.1140839 0.339649122807 0.330125832717 0.315151515152 0.267057960382 0.31528189911
15 0.01862 7567.61267454 0.321559970567 0.261561789234 0.295880149813 0.278787878788 0.384232954545
16 0.019432 7680.81473858 0.295189504373 0.316788321168 0.27606038821 0.27149321267 0.278471711976
17 0.019152 7648.99456976 0.29797979798 0.333333333333 0.282090699462 0.292887029289 0.308309037901
18 0.018612 7966.79604556 0.328818660647 0.357804704205 0.287099179717 0.294550810015 0.290854572714
19 0.018728 7587.57667663 0.351502445842 0.278396436526 0.305680119581 0.272591486184 0.331050228311
P 20 0.028 50000 5
0.074912
8552.64011106
0 0.018996 8160.03432302 0.371959942775 0.306579898771 0.356193142057 0.328638497653 0.286023054755
1 0.018656 8136.69189537 0.366597366597 0.321220930233 0.311726147123 0.329320113314 0.339528234453
2 0.018792 8445.75308642 0.286549707602 0.340643274854 0.294289897511 0.29525862069 0.39404432133
3 0.019044 8054.34782609 0.312142857143 0.303249097473 0.352240896359 0.328482328482 0.320057929037
4 0.019072 7967.07760067 0.339689265537 0.282962962963 0.333100069979 0.312999273784 0.329166666667
5 0.018636 8349.98626315 0.32237312366 0.277989337395 0.330275229358 0.367857142857 0.330691642651
6 0.018528 8535.11744387 0.327534039334 0.325498575499 0.315098468271 0.311546840959 0.336496350365
7 0.018728 8474.45621529 0.287321830458 0.326241134752 0.34388185654 0.345714285714 0.348008385744
8 0.019212 7988.30980637 0.295918367347 0.295602018745 0.319804058782 0.300432276657 0.348721590909
9 0.018964 8411.4695212 0.316824471959 0.343441466855 0.316618911175 0.327712609971 0.300489168414
10 0.017988 8602.09272849 0.387943262411 0.323054331865 0.373038516405 0.340057636888 0.356039325843
11 0.018656 8507.75042882 0.344993141289 0.321247280638 0.375765827093 0.317857142857 0.372562674095
12 0.01864 8121.21609442 0.327188940092 0.303851640514 0.304379562044 0.372124492558 0.353556485356
13 0.018772 8275.76198594 0.317107093185 0.319942611191 0.335771762985 0.320768136558 0.357601713062
14 0.018916 8078.19919645 0.373793103448 0.311320754717 0.30612244898 0.322132943755 0.268975681651
15 0.0191 8107.55078534 0.290299051787 0.346570397112 0.287613715885 0.343966712899 0.307349665924
16 0.019016 7995.88094236 0.343035343035 0.276041666667 0.298574643661 0.347251217815 0.31914893617
17 0.019024 8247.78153911 0.317552804079 0.337725381415 0.323109843081 0.298358315489 0.334285714286
18 0.018476 8275.70231652 0.32688172043 0.356289529164 0.344086021505 0.318346627991 0.340348330914
19 0.019148 7388.09588469 0.301282051282 0.367586206897 0.317750182615 0.281638624726 0.29797979798
P 20 0.029 50000 5
0.074576
9226.89637417
0 0.019092 8359.86989315 0.320468642316 0.327439886846 0.374338624339 0.343811394892 0.40562248996
1 0.018228 10192.2264648 0.402624309392 0.401355932203 0.381613756614 0.359918200409 0.352493074792
2 0.018756 8668.94007251 0.401450230719 0.379146919431 0.360975609756 0.311373092926 0.354533152909
3 0.01926 8777.08037383 0.29836995039 0.325017325017 0.332155477032 0.35 0.344899375434
4 0.018976 8515.28541315 0.325259515571 0.303571428571 0.325301204819 0.3393728223 0.36908962597
5 0.018752 8924.09577645 0.37414500684 0.311428571429 0.308013937282 0.384562370779 0.373387644263
6 0.018428 9429.55242023 0.334489937543 0.413404114134 0.399057873486 0.335207308503 0.377942165434
7 0.01876 8947.08336887 0.350852272727 0.350069735007 0.351502445842 0.367192862045 0.327014218009
8 0.018812 8573.8698703 0.323508267434 0.335965541996 0.348183687457 0.326643598616 0.383108108108
9 0.018328 9208.0746399 0.316881258941 0.404858299595 0.337078651685 0.355980184006 0.401611820013
10 0.018572 9005.53176825 0.332628611698 0.383580080754 0.30801987225 0.369047619048 0.394101876676
11 0.01844 9372.76073753 0.418891170431 0.330578512397 0.36462585034 0.351890034364 0.374056280027
12 0.019216 8605.78018318 0.369608493696 0.345517241379 0.361616161616 0.386571056063 0.27063890883
13 0.018188 9018.54739389 0.360266864344 0.37482419128 0.379192334018 0.352459016393 0.330484330484
14 0.019188 8352.75088597 0.333107650643 0.345637583893 0.362967914439 0.342937456079 0.351775956284
15 0.018804 9001.80068071 0.4035667107 0.34461746784 0.339237057221 0.361730899256 0.370013755158
16 0.01906 8261.15781742 0.316305108467 0.272064186725 0.33569907736 0.375168690958 0.359116022099
17 0.0193 8389.12994819 0.355691056911 0.309103740296 0.361167684997 0.320495185695 0.326829268293
18 0.019012 8518.84872712 0.364201796821 0.321232876712 0.316275764037 0.326226012793 0.353226925746
19 0.018956 8090.17071112 0.347009735744 0.343304843305 0.294160057678 0.311048557354 0.358437935844
P 20 0.03 50000 5
0.074864
9477.62427869
0 0.018788 9081.42239727 0.379494007989 0.331448763251 0.377245508982 0.368563685637 0.385261797027
1 0.018848 9252.6963073 0.335904628331 0.339958875942 0.369965870307 0.360409556314 0.379855167874
2 0.018832 9586.88169074 0.435714285714 0.35719019218 0.360852197071 0.365489130435 0.359816152331
3 0.018604 9283.61513653 0.353750860289 0.385567010309 0.369720597791 0.377531025474 0.40963060686
4 0.018712 9815.62612227 0.355048859935 0.33401920439 0.390520694259 0.421518987342 0.425064599483
5 0.018388 10138.9658473 0.411203055379 0.406371911573 0.418990703851 0.366159947125 0.400129701686
6 0.018436 9663.47819484 0.376802096986 0.399608865711 0.400906735751 0.374491180461 0.40188172043
7 0.019388 8924.91499897 0.360318513603 0.355852842809 0.342739160358 0.393184796855 0.280968858131
8 0.019148 8789.75955713 0.379557291667 0.332638888889 0.352226720648 0.378974691759 0.332402234637
9 0.019064 9268.76017625 0.389558232932 0.355434039645 0.345343303875 0.348775645268 0.355183946488
10 0.01898 9006.30684932 0.408914728682 0.434865900383 0.333114754098 0.31608005521 0.375333333333
11 0.018996 8990.56559276 0.332879509871 0.373315363881 0.355217691776 0.324880054832 0.370901639344
12 0.019232 9090.94197171 0.367105263158 0.370013755158 0.344273275285 0.366581956798 0.354096140826
13 0.018472 10204.3025119 0.387662337662 0.423127463863 0.380794701987 0.373924553276 0.386058981233
14 0.018808 9521.94874521 0.343342036554 0.416339869281 0.387381275441 0.34823215477 0.381367292225
15 0.018884 9553.41198899 0.329655172414 0.37193911317 0.374197689345 0.383311603651 0.433268858801
16 0.018988 8822.10195913 0.372836218375 0.346747149564 0.373369938229 0.374081496326 0.340282447882
17 0.018356 9245.9368054 0.39268788084 0.396073121192 0.364453665284 0.380507343124 0.37426132633
18 0.018924 8923.01099133 0.354024556617 0.392396907216 0.368351936967 0.370945945946 0.367156208278
19 0.018388 9723.16184468 0.377984084881 0.382372002592 0.370515329419 0.420523138833 0.400136798906
P 20 0.031 50000 5
0.075108
9914.47265271
0 0.018952 9911.11249472 0.384567517113 0.430711610487 0.373193166886 0.363452461227 0.381830151415
1 0.019028 9695.78873239 0.390057361377 0.358773646445 0.410272669626 0.384565075213 0.37598944591
2 0.019132 9111.33451808 0.346334902488 0.342318059299 0.368587713743 0.36856010568 0.449094316052
3 0.019068 10096.6100273 0.395780051151 0.356100795756 0.426658163265 0.365666879387 0.363877822045
4 0.018464 10124.2138215 0.398821218075 0.451612903226 0.395728643216 0.391900718485 0.410371318822
5 0.018968 9434.50653733 0.356671070013 0.375165125495 0.387158296249 0.399740428293 0.373404969778
6 0.018756 9511.83578588 0.382580645161 0.386924616411 0.372666666667 0.390737116765 0.391304347826
7 0.018744 10415.161545 0.384466019417 0.43431122449 0.381887270424 0.387341772152 0.424936386768
8 0.018952 9367.9932461 0.350640593392 0.415979708307 0.378947368421 0.408010012516 0.385204081633
9 0.018676 10182.8198758 0.444866920152 0.38785942492 0.360215053763 0.418952618454 0.38881748072
10 0.01898 9275.36670179 0.368456375839 0.38166449935 0.407591785937 0.400883838384 0.37899543379
11 0.01894 10064.5345301 0.390274314214 0.420327868852 0.430683918669 0.362808842653 0.366666666667
12 0.01902 9385.09106204 0.409005628518 0.38 0.392067620286 0.395156150414 0.408486383787
13 0.01858 9932.44607104 0.409638554217 0.399749373434 0.383589059373 0.402877697842 0.416137229987
14 0.019452 8974.98869011 0.3799098519 0.31301369863 0.348899266177 0.367202572347 0.393134715026
15 0.019372 9494.93041503 0.380263984915 0.361517976032 0.343546284224 0.354838709677 0.395454545455
16 0.018448 10153.1433218 0.433876221498 0.382520582647 0.429026098027 0.365448504983 0.422082018927
17 0.018576 9646.08462532 0.420820189274 0.389841688654 0.405263157895 0.364919354839 0.402760351317
18 0.019 9332.03347368 0.349932705249 0.36877076412 0.38358778626 0.435006435006 0.332205683356
19 0.019012 9713.69177362 0.414385741566 0.391772151899 0.3879817113 0.338892595063 0.380983606557
P 20 0.032 50000 5
0.074948
10683.710626
0 0.019208 9729.93835902 0.439707673569 0.407453416149 0.36499674691 0.377007064868 0.397176181707
1 0.01914 10035.6992685 0.387444514902 0.414110429448 0.434343434343 0.355679702048 0.458488228005
2 0.018752 10276.1130546 0.390381011868 0.423312883436 0.447257383966 0.398847631242 0.423173803526
3 0.018852 9844.61510715 0.42804654011 0.38311279143 0.418738049713 0.417407878018 0.386219974716
4 0.018928 10321.6969569 0.397613065327 0.423293675642 0.390482398957 0.39834815756 0.389553178099
5 0.018628 10493.2935366 0.42 0.407886231416 0.384071933205 0.409063074097 0.422641509434
6 0.01922 9704.53777315 0.383473208522 0.382630585274 0.370183196462 0.419393939394 0.449397590361
7 0.018988 10032.8093533 0.385109114249 0.37163029525 0.441285537701 0.428744693754 0.391414141414
8 0.018884 10442.0379157 0.397312859885 0.369980250165 0.415716096324 0.412990196078 0.419235511714
9 0.018692 10377.9129039 0.465087281796 0.414893617021 0.414320685435 0.378634639697 0.405815423515
10 0.018644 10915.5764857 0.419452887538 0.431734317343 0.410984848485 0.428309945088 0.417624521073
11 0.01878 10337.9173589 0.398653198653 0.371101209421 0.38368387508 0.42784488239 0.423264311815
12 0.019056 10536.1801008 0.388301182327 0.441702652684 0.414028553693 0.374064837905 0.425742574257
13 0.018972 10422.4804976 0.4578601315 0.399872854418 0.431265206813 0.36703873933 0.387415175817
14 0.018616 10241.4417705 0.382558879694 0.414258188825 0.441122635754 0.400763358779 0.437192118227
15 0.018736 10643.2073015 0.438922155689 0.399754751686 0.423666462293 0.418954248366 0.430563978169
16 0.018664 10728.2089584 0.401524777637 0.428305400372 0.397167487685 0.42928660826 0.445929526124
17 0.01886 9688.71558855 0.40605296343 0.399743754004 0.38747553816 0.361563517915 0.419987349779
18 0.019208 9986.14244065 0.379483952171 0.407454200884 0.420731707317 0.384862091084 0.368318122555
19 0.019072 9594.59375 0.397946084724 0.359974009097 0.385542168675 0.385549872123 0.405458089669
P 20 0.033 50000 5
0.074812
10850.3259905
0 0.019076 10590.2908367 0.403647416413 0.440047961631 0.428746928747 0.40600122474 0.400753768844
1 0.019128 10148.5512338 0.428481411468 0.424649176327 0.386321626617 0.429388221841 0.431170406307
2 0.018988 10877.4862018 0.413192283759 0.399136335595 0.408298256164 0.43757431629 0.460107978404
3 0.01896 10837.0280591 0.417230769231 0.432983323039 0.41530740276 0.386856788593 0.422867513612
4 0.019408 10675.2712284 0.425123762376 0.411491584446 0.394366197183 0.427732079906 0.424924012158
5 0.018568 10102.5202499 0.474195506982 0.429756965027 0.436507936508 0.421117249847 0.422303473492
6 0.018756 10929.7133717 0.444053895723 0.365605095541 0.444444444444 0.459298871064 0.448710257948
7 0.01884 10117.8084926 0.411726384365 0.386875 0.43544600939 0.408035153798 0.443168077388
8 0.018928 10834.0105664 0.411411411411 0.431899641577 0.429716399507 0.439068100358 0.44259369423
9 0.018712 10434.2796067 0.483739837398 0.429283489097 0.392653578214 0.411693057247 0.420537897311
10 0.018652 10843.9944242 0.409907120743 0.404927353127 0.434052757794 0.440925700365 0.454545454545
11 0.018412 11638.1223115 0.46081871345 0.45968216598 0.441124780316 0.450980392157 0.457193816885
12 0.019044 10078.2520479 0.420343137255 0.44404973357 0.418943533698 0.423146473779 0.421527360192
13 0.01882 10742.3889479 0.424969249692 0.421538461538 0.423290203327 0.459130434783 0.391386953768
14 0.019024 10719.1648444 0.413390663391 0.385876418663 0.435444579781 0.430455635492 0.420378279439
15 0.01872 10773.2485043 0.423718344657 0.405922270204 0.416716776909 0.435649546828 0.454432734036
16 0.01864 10635.0090129 0.441750443525 0.479674796748 0.431108389467 0.426365795724 0.424393279403
17 0.018808 10502.0274351 0.394444444444 0.39950062422 0.440316686967 0.439125295508 0.472156398104
18 0.019128 10863.3943957 0.417828987265 0.435833849969 0.458064516129 0.408846383742 0.388616891065
19 0.018832 10828.5484282 0.424024024024 0.453892215569 0.405625 0.406725888325 0.427797833935
P 20 0.034 50000 5
0.074652
11477.1002518
0 0.018676 11526.0955237 0.473382942187 0.454650491046 0.447415329768 0.452062754213 0.453051643192
1 0.01876 11122.7530917 0.449644549763 0.440847557387 0.406436233611 0.489409141583 0.491515837104
2 0.019192 10976.4187161 0.438679245283 0.417018708509 0.4282393957 0.440972222222 0.445107398568
3 0.018788 11149.4079199 0.415823914337 0.450898203593 0.434466019417 0.461583577713 0.443335290664
4 0.01888 11421.6438559 0.482923906531 0.427843803056 0.413752222881 0.476163124641 0.441819255759
5 0.01868 10206.9391863 0.466551326413 0.434933487565 0.457058823529 0.466052934407 0.444915254237
6 0.019188 10849.3306233 0.409307875895 0.39457459926 0.461447910536 0.435793143521 0.460654796094
7 0.019168 10909.456803 0.439384979302 0.399152029073 0.455316742081 0.400735294118 0.466939730837
8 0.019012 11424.3976436 0.465617715618 0.452 0.446107784431 0.432720806165 0.419486581097
9 0.018884 10827.2378733 0.444378698225 0.449485783424 0.409118915588 0.434611048478 0.475504322767
10 0.0185 11296.9511351 0.450303030303 0.432151589242 0.453387376954 0.447459584296 0.496313102666
11 0.018828 11556.5861483 0.428226779252 0.476380193512 0.457337883959 0.411942098914 0.475201845444
12 0.018668 11238.7469466 0.442969221485 0.456911509543 0.439110070258 0.454075774971 0.474794841735
13 0.01914 10622.2524556 0.428314337133 0.436189334931 0.441457586619 0.433928571429 0.384191176471
14 0.018484 11237.806319 0.483660130719 0.408312958435 0.452127659574 0.458505002943 0.433494558646
15 0.018948 11241.2406586 0.473804100228 0.428315412186 0.432748538012 0.447101016139 0.440954043048
16 0.017884 11492.6291657 0.459611772073 0.50785634119 0.444045481747 0.488304093567 0.452451269935
17 0.01898 10361.8461538 0.409864944216 0.415662650602 0.458136792453 0.445298639858 0.461356932153
18 0.01856 11722.5851293 0.493799323563 0.452021726011 0.473204104903 0.437014925373 0.426793123889
19 0.018768 11145.1898977 0.402402402402 0.46432748538 0.425724637681 0.466706302021 0.453106682298
P 20 0.035 50000 5
0.074636
11876.0319953
0 0.018608 11668.5163371 0.442752397067 0.507332971211 0.5 0.465722379603 0.468643101482
1 0.018592 12016.1123064 0.447353760446 0.445353594389 0.492596810934 0.502984264786 0.503585217871
2 0.019004 11333.4655862 0.462007764836 0.449385605617 0.478453038674 0.454237288136 0.460556844548
3 0.018672 11456.7784919 0.415320167564 0.496313102666 0.452951490357 0.479909451047 0.462585034014
4 0.018756 11760.2326722 0.469295774648 0.479665738162 0.428229665072 0.493051695386 0.458142201835
5 0.018724 11249.9352702 0.453106682298 0.450867052023 0.465025181869 0.479528883904 0.460766961652
6 0.019092 11527.8110203 0.444057971014 0.436363636364 0.479889807163 0.451412429379 0.477437325905
7 0.018824 11192.0227369 0.446171560161 0.488170802077 0.449943117179 0.419584569733 0.480637813212
8 0.019256 11333.8485667 0.447276940904 0.448577680525 0.475886112725 0.447140381282 0.433542498574
9 0.019056 11246.2010915 0.43779342723 0.456278026906 0.465317919075 0.45125958379 0.49217877095
10 0.018728 11859.4502349 0.505073280722 0.405063291139 0.447098976109 0.464465584779 0.511551155116
11 0.019 11464.8482105 0.449438202247 0.421545667447 0.452284557548 0.428822495606 0.487598647125
12 0.018708 12241.3478726 0.465412285556 0.455207166853 0.491438356164 0.469604015616 0.491198182851
13 0.018956 10926.971302 0.468926553672 0.452885747939 0.488228699552 0.449015063731 0.405437352246
14 0.01874 11122.7323372 0.492019812878 0.434601664685 0.442757009346 0.473081328751 0.449471210341
15 0.018876 11610.9230769 0.445578231293 0.46838276441 0.478386167147 0.462833914053 0.455832389581
16 0.0187 11327.0049198 0.456776352482 0.461581604038 0.462199312715 0.500570776256 0.470285714286
17 0.018856 11503.2428935 0.478741991846 0.441108545035 0.435347261434 0.459365994236 0.475588742102
18 0.019048 11392.6915162 0.479614949037 0.412735849057 0.448499117128 0.451368666278 0.441753171857
19 0.0188 12019.7487234 0.42042042042 0.444770857814 0.448909299656 0.482400461627 0.46867881549
P 20 0.036 50000 5
0.07522
11896.358309
0 0.018592 11909.011833 0.482680295287 0.481751824818 0.502207505519 0.490431930016 0.45251396648
1 0.01846 12034.7668472 0.468276249298 0.510329424902 0.495173197047 0.446356855995 0.481747787611
2 0.018876 11575.0972664 0.484436898698 0.482093663912 0.479869423286 0.456278026906 0.476957245974
3 0.019236 11716.0409649 0.474244120941 0.479490022173 0.461753210497 0.473908413206 0.466775599129
4 0.019032 11626.3928121 0.461670480549 0.462464183381 0.445330296128 0.480611687602 0.461625282167
5 0.019004 12366.5222059 0.504928806134 0.454545454545 0.473333333333 0.438706015891 0.487348734873
6 0.018928 11603.8176247 0.460299194476 0.477194982896 0.464403066813 0.464344039194 0.498355263158
7 0.018732 11907.6275892 0.463744588745 0.486754966887 0.510148107515 0.468626342566 0.493732970027
8 0.01872 11440.0299145 0.496982995063 0.486575342466 0.469209809264 0.498337028825 0.454807138745
9 0.018856 11641.2846839 0.497863247863 0.489994591671 0.476712328767 0.468097120271 0.477336317851
10 0.01882 11470.7260361 0.464188080919 0.461624026696 0.46 0.486966167499 0.49516220831
11 0.018752 11637.1207338 0.476242490442 0.493557422969 0.485046220772 0.456081081081 0.480045610034
12 0.018424 12216.006079 0.486805165637 0.492901760363 0.472035794183 0.483342744212 0.495708154506
13 0.018664 12158.7436777 0.496426608026 0.480021893815 0.44533485976 0.492411467116 0.476593344614
14 0.01928 11498.5952282 0.433294663573 0.450568181818 0.494123931624 0.475926950747 0.460735859418
15 0.018552 12536.8924105 0.487725040917 0.445298639858 0.51357104843 0.508928571429 0.473136915078
16 0.01892 11989.3183932 0.486178861789 0.479910714286 0.467236467236 0.472466960352 0.46921797005
17 0.018792 12188.4561516 0.462992976769 0.503239740821 0.46598056032 0.490358126722 0.49425915801
18 0.019344 11652.18445 0.448554913295 0.428249859313 0.452054794521 0.489142236699 0.45847362514
19 0.018992 12436.4530329 0.484581497797 0.485016648169 0.422768878719 0.49756097561 0.470391061453
P 20 0.037 50000 5
0.07466
12636.987356
0 0.018504 12880.3283614 0.50293960449 0.496453900709 0.496728462377 0.494136460554 0.52378435518
1 0.01864 12210.4598712 0.501300052002 0.523110386079 0.475068493151 0.507725093234 0.488876831253
2 0.019032 12276.3337537 0.481678173128 0.495437466452 0.485191168551 0.507139079852 0.493092454835
3 0.018576 12469.3828596 0.506966773848 0.493527508091 0.510125889436 0.489544235925 0.490494296578
4 0.018472 12133.5539194 0.503285870756 0.475977653631 0.527777777778 0.44921875 0.501381978994
5 0.01894 12161.3313622 0.499731615674 0.469055374593 0.504533333333 0.471264367816 0.508196721311
6 0.018936 12123.8572032 0.47923681257 0.489705063996 0.476347634763 0.476464435146 0.5008
7 0.019228 12333.4056584 0.476038338658 0.499731038193 0.47420417124 0.492323980942 0.47807486631
8 0.019116 12569.7311153 0.488982161595 0.501330494944 0.468954248366 0.463547334059 0.512889366273
9 0.01902 12118.0853838 0.497901364113 0.505246589717 0.4640943194 0.489978902954 0.535564853556
10 0.018848 11856.5076401 0.444002274019 0.475622968581 0.490250696379 0.480354178196 0.51151580075
11 0.01872 12431.2647436 0.488459473967 0.506819421713 0.464498644986 0.504592112372 0.499181669394
12 0.018644 12368.5608239 0.501926252064 0.507988980716 0.500536480687 0.497279651795 0.448275862069
13 0.018632 12239.7133963 0.478787878788 0.491978609626 0.504864864865 0.506260206859 0.468590831919
14 0.01898 12151.368177 0.486648501362 0.463671658347 0.5 0.491008174387 0.498392282958
15 0.018756 12129.8632971 0.468512486428 0.461847389558 0.490690032859 0.493956043956 0.503504043127
16 0.018596 12174.6833728 0.468179302712 0.495124593716 0.472347629797 0.508791208791 0.498376623377
17 0.018616 12858.4578857 0.549438802779 0.517819706499 0.500527983105 0.479914301018 0.468340611354
18 0.01912 12109.8983264 0.475418994413 0.442371020856 0.502857142857 0.521761392729 0.501068376068
19 0.018812 12663.3999575 0.485309548793 0.498649378714 0.499456521739 0.48898441698 0.498367791077
P 20 0.038 50000 5
0.074736
12891.2086277
0 0.018248 12619.3667251 0.539098912481 0.508257858284 0.519169329073 0.501612903226 0.509866666667
1 0.01832 12792.7893013 0.484749455338 0.537934668072 0.499734466277 0.516163222046 0.536485097636
2 0.019036 12627.0218533 0.494834710744 0.507337526205 0.471482889734 0.50663834307 0.506309148265
3 0.019116 12369.7924252 0.517548454688 0.50760356581 0.463152232383 0.494505494505 0.509753593429
4 0.018744 12430.9396073 0.511898734177 0.487991266376 0.531625718766 0.519716885743 0.505535055351
5 0.018912 12660.1563029 0.501564129301 0.483632523759 0.504296455424 0.509025270758 0.506444683136
6 0.019016 12457.5822465 0.499214248298 0.503519220357 0.502063983488 0.492514197212 0.518078512397
7 0.018772 13086.544641 0.522062732589 0.512833944474 0.48694725626 0.488008342023 0.525309917355
8 0.019068 12467.9697923 0.513329848406 0.512993762994 0.482498653743 0.503184713376 0.479480519481
9 0.01862 12875.3145005 0.478046103183 0.519612837494 0.505826271186 0.506430868167 0.530781169167
10 0.019008 12463.7104377 0.491931285789 0.489720611492 0.504960835509 0.481066666667 0.547448979592
11 0.018644 12956.4155761 0.502813299233 0.51863684771 0.530569948187 0.480021598272 0.520920502092
12 0.01882 12390.2308183 0.488180883864 0.520665593129 0.510847107438 0.48380244291 0.523885350318
13 0.019136 12394.5516304 0.453693495039 0.502617801047 0.495059802392 0.523705722071 0.471118177001
14 0.01892 12121.941649 0.509176717357 0.480386888769 0.48128052089 0.512118018967 0.480483782298
15 0.018828 12688.8226046 0.511503477796 0.4765625 0.519835136528 0.481740064447 0.497905759162
16 0.018772 12458.5766035 0.49623655914 0.507919746568 0.483404710921 0.501076426265 0.509473684211
17 0.018784 12677.4320698 0.501856763926 0.529411764706 0.473401397098 0.481400437637 0.518793012176
18 0.019392 12196.4597772 0.487368421053 0.455227882038 0.52417302799 0.489270386266 0.486243386243
19 0.018964 13213.6568235 0.466558791802 0.514898065865 0.529262086514 0.495278069255 0.50942408377
P 20 0.039 50000 5
0.075364
13087.1677193
0 0.018324 13204.3032089 0.542355371901 0.542416452442 0.509310518369 0.534778225806 0.538891713269
1 0.01864 12911.382618 0.517543859649 0.523421588595 0.508205399682 0.527061203844 0.527096114519
2 0.019396 12745.3124356 0.492647058824 0.519387755102 0.499487704918 0.511734693878 0.478238341969
3 0.01852 12089.838013 0.556561085973 0.502945902517 0.531233866804 0.490268279853 0.496529631607
4 0.019104 12752.1945142 0.500264690312 0.49692937564 0.540334855403 0.513347022587 0.495436105477
5 0.019076 12752.0308241 0.506526104418 0.516094986807 0.525615763547 0.500748876685 0.537755102041
6 0.0187 12840.9991444 0.527040816327 0.516853932584 0.52776336274 0.523331660813 0.514182568334
7 0.019192 12763.5721134 0.535148514851 0.527665995976 0.485153764581 0.492842535787 0.504914640455
8 0.01924 12572.4525988 0.512405063291 0.524925224327 0.513581488934 0.513798294029 0.510224948875
9 0.018952 12565.2935838 0.511995916284 0.497422680412 0.5325 0.509947643979 0.515277058519
10 0.018248 12946.4701885 0.536597938144 0.5227154047 0.51183127572 0.530434782609 0.560538116592
11 0.01842 13122.3993485 0.541134389371 0.537142857143 0.517653167186 0.515608740895 0.510496671787
12 0.01882 13275.8869288 0.479700854701 0.516260162602 0.520228215768 0.535204081633 0.529206190714
13 0.019016 12631.3594867 0.516177957533 0.505219206681 0.503301168106 0.524987120041 0.513333333333
14 0.018732 13434.7567798 0.523738130935 0.473569482289 0.519399896534 0.514820592824 0.528735632184
15 0.018672 13027.9376607 0.501248127808 0.521918514698 0.538266599088 0.536012526096 0.523761375126
16 0.018736 13269.6961998 0.482037533512 0.538577154309 0.529561671764 0.503341902314 0.543947764942
17 0.019168 13037.6932387 0.526476578411 0.474673629243 0.50975224038 0.547918683446 0.499495459132
18 0.018376 13477.5111014 0.536853110298 0.526849037487 0.546201232033 0.518200202224 0.527245206862
19 0.018772 13215.4327722 0.515713549717 0.499479708637 0.521221532091 0.541938724259 0.525609149677
P 20 0.04 50000 5
0.075364
13370.9779736
0 0.018776 13134.022582 0.530570995452 0.52479757085 0.533872598584 0.51199216838 0.551212271153
1 0.018808 13295.337516 0.54824120603 0.524342745862 0.514967021816 0.535398230088 0.53888334995
2 0.019488 12704.0593186 0.525227043391 0.526031434185 0.525641025641 0.502246630055 0.493715434892
3 0.018844 12912.9112715 0.517223650386 0.488139167106 0.553223388306 0.529066927211 0.509365244537
4 0.018812 13141.6857325 0.556645414419 0.501773948302 0.563861386139 0.52211489578 0.509368836292
5 0.018648 13258.2175032 0.510780287474 0.528494885533 0.540714995035 0.549727857496 0.547678482277
6 0.018892 13219.6377303 0.519843214111 0.542623787647 0.510736196319 0.520970186963 0.524722502523
7 0.018768 13120.3373828 0.54340362923 0.521271143004 0.521 0.544682975537 0.515197568389
8 0.019036 13410.8812776 0.554211035818 0.541159279104 0.507099391481 0.515060240964 0.520520520521
9 0.019024 13035.3107653 0.521418020679 0.538385339277 0.506403940887 0.536511156187 0.528225806452
10 0.018476 13653.8813596 0.520657043305 0.524286429644 0.52740434333 0.537836465211 0.569756097561
11 0.01908 13295.6645702 0.541478129713 0.5 0.509217737917 0.525762881441 0.522477522478
12 0.018724 13022.6543474 0.549038935436 0.518066157761 0.532967032967 0.554661618552 0.54
13 0.018704 13834.0592387 0.493215031315 0.576149425287 0.547169811321 0.524777006938 0.528798411122
14 0.01878 13603.5510117 0.530451866405 0.524127310062 0.533333333333 0.541809290954 0.543753161356
15 0.018676 13851.20861 0.546550892426 0.525910723448 0.529262086514 0.539970573811 0.533201189296
16 0.018596 13597.083889 0.522749273959 0.558345642541 0.515025906736 0.544015825915 0.555337904016
17 0.018984 12828.7408344 0.491302055878 0.580629301868 0.537481626654 0.50499001996 0.512530712531
18 0.018804 13377.8510955 0.542144638404 0.520341536916 0.538573508006 0.51596292482 0.537968441815
19 0.01884 13173.3280255 0.541773449513 0.508638211382 0.541188217673 0.513216957606 0.538907684872
