T 20 0.001 50000 5
0.004012
10.7497507478
0 0.00108 10.5555555556 0.0 0.0 0.0 0.0 0.0
1 0.000952 10.8907563025 0.0 0.0 0.0 0.0 0.0
2 0.00098 11.0693877551 0.0 0.0 0.0 0.0 0.0
3 0.000996 10.875502008 0.0 0.0 0.0 0.0 0.0
4 0.000952 11.025210084 0.0 0.0 0.0 0.0 0.0
5 0.001076 10.5687732342 0.0 0.0 0.0 0.0 0.0
6 0.000936 10.594017094 0.0 0.0 0.0 0.0 0.0
7 0.001004 10.7131474104 0.0 0.0 0.0 0.0 0.0
8 0.001012 10.5770750988 0.0 0.0 0.0 0.0 0.0
9 0.00108 11.637037037 0.0 0.0 0.0 0.0 0.0
10 0.00104 10.6115384615 0.0 0.0 0.0 0.0 0.0
11 0.000952 10.1008403361 0.0 0.0 0.0 0.0 0.0
12 0.001104 11.3913043478 0.0 0.0 0.0 0.0 0.0
13 0.000988 11.008097166 0.0 0.0 0.0 0.0 0.0
14 0.000968 10.8305785124 0.0 0.0 0.0 0.0 0.0
15 0.000944 10.5042372881 0.0 0.0 0.0 0.0 0.0
16 0.00096 10.35 0.0 0.0 0.0 0.0 0.0
17 0.00098 10.6571428571 0.0 0.0 0.0 0.0 0.0
18 0.000936 10.0384615385 0.0 0.0 0.0 0.0 0.0
19 0.001072 10.7649253731 0.0 0.0 0.0 0.0 0.0
T 20 0.002 50000 5
0.008172
10.8854625551
0 0.002092 10.8336520076 0.0 0.0 0.0 0.0 0.0
1 0.00194 10.8762886598 0.0 0.0 0.0 0.0 0.0
2 0.002008 10.9641434263 0.0 0.0 0.0 0.0 0.0
3 0.001976 10.9453441296 0.0 0.0 0.0 0.0 0.0
4 0.001876 11.2473347548 0.0 0.0 0.0 0.0 0.0
5 0.00218 11.0348623853 0.0 0.0 0.0 0.00869565217391 0.0
6 0.00186 10.4666666667 0.0 0.0 0.0 0.0 0.0
7 0.001976 11.1518218623 0.0 0.0 0.0 0.0 0.0
8 0.002008 11.0019920319 0.0 0.0 0.0 0.0 0.0
9 0.00208 11.6480769231 0.0 0.0 0.0 0.0 0.0
10 0.002072 10.8764478764 0.0 0.0 0.0 0.0 0.0
11 0.001992 10.7690763052 0.0 0.0 0.0 0.0 0.0
12 0.002184 11.2472527473 0.0 0.0 0.0 0.0 0.0
13 0.001968 10.9044715447 0.0 0.0 0.0 0.0 0.0
14 0.002124 11.2730696798 0.0 0.0 0.0 0.0 0.0
15 0.00186 10.5440860215 0.0 0.0 0.0 0.0 0.0
16 0.00194 10.4206185567 0.0 0.0 0.0 0.0 0.0
17 0.002016 11.0972222222 0.0 0.0 0.0 0.0 0.0
18 0.001904 10.8802521008 0.0 0.0 0.0 0.0 0.0
19 0.002236 11.1717352415 0.0 0.0 0.0 0.0 0.0
T 20 0.003 50000 5
0.0122
10.973442623
0 0.002988 10.9156626506 0.0 0.0 0.0 0.0 0.0
1 0.00304 11.1736842105 0.0 0.0 0.0 0.0 0.0
2 0.003044 11.1944809461 0.0 0.0 0.0 0.0 0.0
3 0.002892 11.2365145228 0.0 0.0 0.0 0.0 0.0
4 0.002828 11.1089108911 0.0 0.0 0.0 0.0 0.0
5 0.003176 11.3022670025 0.0 0.0 0.0 0.00625 0.0
6 0.002872 11.0027855153 0.0 0.0 0.0 0.0 0.0
7 0.002988 11.1325301205 0.0 0.0 0.0 0.0 0.0
8 0.003008 11.4375 0.0 0.0 0.0 0.0 0.0
9 0.003044 11.4730617608 0.0 0.0 0.0 0.0 0.0
10 0.003232 11.6336633663 0.0 0.0 0.0 0.0 0.0
11 0.002996 10.8825100134 0.0 0.0 0.0 0.0 0.0
12 0.003208 11.2581047382 0.0 0.0 0.0 0.0 0.0
13 0.002972 11.0040376851 0.0 0.0 0.0 0.0 0.0
14 0.00312 11.5615384615 0.0 0.0 0.0 0.0 0.0
15 0.002868 10.9790794979 0.0 0.0 0.0 0.0 0.0
16 0.00294 10.780952381 0.0 0.0 0.0 0.0 0.0
17 0.003008 11.2912234043 0.0 0.0 0.0 0.0 0.0
18 0.002976 10.9905913978 0.0 0.0 0.0 0.0 0.0
19 0.003236 11.3114956737 0.0 0.0 0.0 0.0 0.0
T 20 0.004 50000 5
0.016112
11.2363455809
0 0.004 11.363 0.0 0.0 0.0 0.0 0.0
1 0.004012 11.40777667 0.0 0.0 0.0 0.0 0.0
2 0.003996 11.2132132132 0.0 0.0 0.0 0.0 0.0
3 0.003888 11.6358024691 0.0 0.0 0.0 0.0 0.0
4 0.003796 11.1327713383 0.0 0.0 0.0 0.0 0.0
5 0.004236 11.3522190746 0.0 0.0 0.0 0.00471698113208 0.0
6 0.003856 11.0165975104 0.0 0.0 0.0 0.0 0.0
7 0.003872 11.5599173554 0.0 0.0 0.0 0.0 0.0
8 0.004004 11.6643356643 0.0 0.0 0.0 0.0 0.0
9 0.003956 11.6279069767 0.0 0.0 0.0 0.0049504950495 0.0
10 0.004204 11.7706945766 0.0 0.0 0.0 0.0 0.0
11 0.003972 11.143001007 0.0 0.0 0.0 0.0 0.0
12 0.004284 11.4267040149 0.0 0.0 0.0 0.0 0.0
13 0.00402 11.3373134328 0.0 0.0 0.0 0.00510204081633 0.0
14 0.004104 11.6881091618 0.0 0.0 0.0 0.0 0.0
15 0.003832 11.4311064718 0.00552486187845 0.0 0.0 0.0 0.0
16 0.003892 11.0483042138 0.0 0.0 0.0 0.0 0.0
17 0.004144 11.5077220077 0.0 0.0 0.0 0.0 0.0
18 0.003936 11.1595528455 0.0 0.0 0.0 0.0 0.0
19 0.004208 11.4743346008 0.0 0.0 0.0 0.0 0.0
T 20 0.005 50000 5
0.0202
11.4635643564
0 0.004988 11.4987971131 0.0 0.0 0.0 0.0 0.0
1 0.005024 11.7619426752 0.0 0.0 0.0 0.0 0.0
2 0.005072 11.346214511 0.0 0.0 0.0 0.0 0.0
3 0.004728 11.8714043993 0.0 0.0 0.0 0.0 0.0
4 0.004792 11.2562604341 0.0 0.0 0.0 0.0 0.0
5 0.005228 11.5363427697 0.0 0.0 0.0 0.00377358490566 0.0
6 0.004892 11.5102207686 0.0 0.0 0.0 0.0 0.0
7 0.004868 11.6113393591 0.00390625 0.0 0.0 0.0 0.0
8 0.005012 11.9409417398 0.0 0.0 0.0 0.0 0.0
9 0.004908 11.7905460473 0.0 0.0 0.0 0.00395256916996 0.0
10 0.005148 12.0295260295 0.0 0.0 0.0 0.0 0.0
11 0.005036 11.3240667196 0.0 0.0 0.0 0.0 0.0
12 0.005232 11.6039755352 0.0 0.0 0.0 0.0 0.0
13 0.005016 11.5071770335 0.0 0.0 0.0 0.00406504065041 0.0
14 0.00508 12.037007874 0.0 0.0 0.0 0.0 0.0
15 0.0047 11.5957446809 0.00454545454545 0.0 0.0 0.0 0.0
16 0.0049 11.4930612245 0.0 0.0 0.0 0.0 0.0
17 0.005048 11.7543581616 0.0 0.0 0.0 0.0 0.0
18 0.004992 11.3068910256 0.0 0.0 0.0 0.0 0.0
19 0.005192 11.6833590139 0.0 0.0 0.0 0.0 0.0
T 20 0.006 50000 5
0.02412
11.7872305141
0 0.00602 11.9109634551 0.0 0.0 0.0 0.0 0.0
1 0.005948 12.106926698 0.0 0.0 0.0 0.0 0.0
2 0.006036 11.5553346587 0.0 0.0 0.0 0.0 0.0
3 0.005668 12.1552575865 0.0 0.0 0.0 0.0 0.0
4 0.005848 11.6032831737 0.0 0.0 0.0 0.0 0.0
5 0.006288 11.8123409669 0.0 0.0 0.0 0.00315457413249 0.0
6 0.00596 11.7590604027 0.0 0.0 0.0 0.0 0.0
7 0.005824 11.6758241758 0.00327868852459 0.0 0.0 0.0 0.0
8 0.006052 12.1282220753 0.0 0.0 0.0 0.0 0.0
9 0.00586 12.1105802048 0.0 0.0 0.0 0.00327868852459 0.0
10 0.006164 12.0434782609 0.0 0.0 0.0 0.0 0.0
11 0.005968 11.4564343164 0.0 0.0 0.0 0.0 0.0
12 0.006228 11.8420038536 0.0 0.0 0.0 0.0 0.0
13 0.006004 11.9147235177 0.0 0.0 0.0 0.00333333333333 0.0
14 0.006068 12.2564271589 0.0 0.0 0.0 0.0 0.0
15 0.005656 12.0198019802 0.0037037037037 0.0 0.0 0.0 0.0
16 0.005972 11.8231748158 0.0 0.0 0.0 0.0 0.0
17 0.006008 11.8735019973 0.0 0.0 0.0 0.0 0.0
18 0.005964 11.569416499 0.0 0.0 0.0 0.0 0.0
19 0.006204 11.8974854932 0.0 0.0 0.0 0.0 0.0
T 20 0.007 50000 5
0.02836
12.0898448519
0 0.006996 12.0914808462 0.0 0.0 0.0 0.0 0.0
1 0.007028 12.3966989186 0.0 0.0 0.0 0.0 0.0
2 0.007032 11.8088737201 0.0 0.0 0.0 0.0 0.0
3 0.00672 12.3273809524 0.0 0.0 0.0 0.0 0.0
4 0.006796 11.8605061801 0.0 0.0 0.0 0.0 0.0
5 0.007332 12.1849427169 0.0 0.0 0.0 0.00274725274725 0.0
6 0.006964 12.1045376221 0.0 0.0 0.0 0.0 0.0
7 0.006748 11.9804386485 0.00294985250737 0.0 0.0 0.0 0.0
8 0.007112 12.2890888639 0.0 0.0 0.0 0.0 0.0
9 0.006872 12.2753201397 0.0 0.0 0.0 0.00280112044818 0.0
10 0.007288 12.1004390779 0.0 0.0 0.0 0.0 0.0
11 0.007008 11.8487442922 0.0 0.0 0.0 0.0 0.0
12 0.007192 12.1551724138 0.0 0.0 0.0 0.0 0.0
13 0.007096 12.1595264938 0.0 0.0 0.0 0.00290697674419 0.0
14 0.007092 12.326001128 0.0 0.0 0.0 0.0 0.0
15 0.006632 12.1592279855 0.0030959752322 0.0 0.0 0.0 0.0
16 0.006972 12.1371199082 0.0 0.0 0.0 0.0 0.0
17 0.007048 12.2253121453 0.0 0.0 0.0 0.0 0.0
18 0.00694 11.781556196 0.0 0.0 0.0 0.0 0.0
19 0.007268 12.1843698404 0.0 0.0 0.0 0.0 0.0
T 20 0.008 50000 5
0.032384
12.3716650198
0 0.007944 12.2633434038 0.0 0.0 0.0 0.0 0.0
1 0.00814 12.713022113 0.0 0.0 0.0 0.0 0.0
2 0.008204 12.2837640176 0.0 0.0 0.0 0.0 0.0
3 0.007684 12.5757418011 0.0 0.0 0.0 0.0 0.0
4 0.007792 12.1642710472 0.0 0.0 0.0 0.0 0.0
5 0.008424 12.4140550807 0.0 0.0 0.0 0.00240963855422 0.0
6 0.008044 12.3097961213 0.0 0.0 0.0 0.0 0.0
7 0.007692 12.3213728549 0.00267379679144 0.0 0.0 0.0 0.0
8 0.008124 12.5184638109 0.0 0.0 0.0 0.0 0.0
9 0.00792 12.4676767677 0.0 0.0 0.0 0.00242130750605 0.0
10 0.008196 12.308443143 0.0 0.0 0.0 0.0 0.0
11 0.007948 12.1056869653 0.0 0.0 0.0 0.0 0.0
12 0.008092 12.3356401384 0.0 0.0 0.0 0.0 0.0
13 0.008168 12.3579823702 0.0 0.0 0.0 0.00243309002433 0.0
14 0.008048 12.4453280318 0.0 0.0 0.0 0.0 0.0
15 0.007676 12.3944762897 0.0026525198939 0.0 0.0 0.0 0.0
16 0.0079 12.4987341772 0.0 0.0 0.0 0.0 0.0
17 0.00802 12.6159600998 0.0 0.0 0.0 0.0 0.0
18 0.007824 11.9989775051 0.0 0.0 0.0 0.0 0.0
19 0.008372 12.5623506928 0.0 0.0 0.0 0.0 0.0
T 20 0.009 50000 5
0.036452
12.6451223527
0 0.008952 12.5120643432 0.0 0.0 0.0 0.0 0.0
1 0.009156 12.877238969 0.0 0.0 0.0 0.0 0.0
2 0.009292 12.5901851055 0.0 0.0 0.0 0.0 0.0
3 0.00872 12.8174311927 0.0 0.0 0.0 0.0 0.0
4 0.0088 12.5186363636 0.0 0.0 0.0 0.0 0.0
5 0.009368 12.4666951324 0.0 0.0 0.0 0.00215982721382 0.0
6 0.009048 12.6529619805 0.0 0.0 0.0 0.0 0.00219298245614
7 0.008696 12.4898804048 0.00234741784038 0.0 0.0 0.0 0.00226244343891
8 0.009176 12.7789886661 0.0 0.0 0.0 0.0 0.0
9 0.008908 12.5244723844 0.0 0.0 0.0 0.00215982721382 0.0
10 0.009064 12.5176522507 0.0 0.0 0.0 0.0 0.0
11 0.008884 12.3178748312 0.0 0.0 0.0 0.0 0.0
12 0.009132 12.6574682435 0.0 0.0 0.0 0.0 0.0
13 0.00914 12.6599562363 0.0 0.0 0.0 0.0021645021645 0.0
14 0.009 12.7435555556 0.0 0.0 0.0 0.0 0.0
15 0.00866 12.5579676674 0.00234192037471 0.0 0.0 0.0 0.0
16 0.008928 12.6975806452 0.0 0.0 0.0 0.0 0.0
17 0.009024 12.8874113475 0.0 0.0 0.0 0.0 0.0
18 0.008868 12.2029769959 0.0 0.0 0.0 0.0 0.0
19 0.009384 13.0379369139 0.0 0.0 0.0 0.0 0.0
T 20 0.01 50000 5
0.04054
12.922446966
0 0.009988 12.7969563476 0.0 0.0 0.0 0.0 0.0
1 0.010304 13.3408385093 0.0 0.0 0.0 0.0 0.0
2 0.010236 12.9054318093 0.0 0.0 0.0 0.0 0.0
3 0.009676 13.0880529144 0.0 0.0 0.0 0.0 0.0
4 0.009716 12.6829971182 0.0 0.0 0.0 0.0 0.0
5 0.010268 12.7908063888 0.0 0.0 0.0 0.00194174757282 0.0
6 0.010128 12.9751184834 0.0 0.0 0.0 0.0 0.00190839694656
7 0.009596 12.7311379742 0.00211416490486 0.0 0.0 0.0 0.00206611570248
8 0.010136 13.1148382005 0.0 0.0 0.0 0.0 0.0
9 0.009884 12.9368676649 0.0 0.0 0.0 0.00198412698413 0.0
10 0.01004 13.0645418327 0.0 0.0 0.0 0.0 0.0
11 0.009912 12.6775625504 0.0 0.0 0.0 0.0 0.0
12 0.010176 12.9673742138 0.0 0.0 0.0 0.0 0.0
13 0.010048 13.0123407643 0.0 0.0 0.0 0.00196078431373 0.0
14 0.010048 13.1353503185 0.0 0.0 0.0 0.0 0.0
15 0.009512 12.7594617325 0.0020964360587 0.0 0.0 0.0 0.0
16 0.010052 12.870672503 0.0 0.0 0.0 0.0 0.0
17 0.01022 13.2352250489 0.0 0.0 0.0 0.0 0.0
18 0.009936 12.4927536232 0.0 0.0 0.0 0.0 0.0
19 0.010436 13.362591031 0.0 0.0 0.0 0.0 0.0
T 20 0.011 50000 5
0.04462
13.2200806813
0 0.011004 13.1090512541 0.0 0.0 0.0 0.0 0.0
1 0.011248 13.7112375533 0.0 0.0 0.0 0.0 0.0
2 0.011148 13.2551130248 0.0 0.0 0.0 0.0 0.0
3 0.01062 13.2308851224 0.0 0.0 0.0 0.0 0.00186567164179
4 0.010788 13.0014831294 0.0 0.0 0.0 0.0 0.0
5 0.011268 13.01171459 0.0 0.0 0.0 0.00355871886121 0.0
6 0.011056 13.1349493488 0.0 0.0 0.0 0.0 0.00352112676056
7 0.010552 13.1656557998 0.00190476190476 0.0 0.0 0.0 0.00184842883549
8 0.011196 13.4255091104 0.0 0.0 0.0 0.0 0.0
9 0.010876 13.2353806547 0.0 0.0 0.0 0.00178571428571 0.0
10 0.011008 13.2801598837 0.0 0.0 0.0 0.0 0.0
11 0.011076 13.0433369447 0.0 0.0 0.0 0.0 0.0
12 0.011192 13.1433166548 0.0 0.0 0.0 0.0 0.00176991150442
13 0.011136 13.2690373563 0.0 0.0 0.0 0.00177619893428 0.0
14 0.011064 13.4580621837 0.0 0.0 0.0 0.0 0.0
15 0.010428 13.001150748 0.00193798449612 0.0 0.0 0.0 0.0
16 0.011024 13.1843251089 0.0 0.0 0.0 0.0 0.0
17 0.011248 13.6358463727 0.0 0.0 0.0 0.0 0.0
18 0.01088 12.8518382353 0.0 0.0 0.0 0.0 0.0
19 0.011456 13.656424581 0.0 0.0 0.0 0.0 0.0
T 20 0.012 50000 5
0.048408
13.5728805156
0 0.011988 13.3763763764 0.0 0.0 0.0 0.0 0.0
1 0.01226 14.2039151713 0.0 0.0 0.0 0.0 0.0
2 0.01212 13.5498349835 0.0 0.0 0.0 0.0 0.0
3 0.011448 13.5237596087 0.0 0.0 0.0 0.0 0.00173913043478
4 0.011732 13.2655983635 0.0 0.0 0.0 0.0 0.0
5 0.01228 13.3680781759 0.0 0.0 0.0 0.00330578512397 0.0
6 0.012136 13.4568226763 0.0 0.0 0.0 0.0 0.00325203252033
7 0.011616 13.4462809917 0.00173310225303 0.0 0.0 0.0 0.0016835016835
8 0.012128 13.7720976253 0.0 0.0 0.0 0.0 0.0
9 0.011684 13.6874358097 0.0 0.0 0.0 0.0016393442623 0.00162074554295
10 0.012088 13.5747849107 0.0 0.0 0.0 0.0 0.0
11 0.012044 13.4360677516 0.0 0.0 0.0 0.0 0.0
12 0.012244 13.5821626919 0.0 0.0 0.0 0.0 0.0016339869281
13 0.012164 13.5675764551 0.0 0.0 0.0 0.00162601626016 0.0
14 0.011964 13.874958208 0.0 0.0 0.0 0.0 0.0
15 0.011408 13.2559607293 0.00176056338028 0.0 0.0 0.0 0.0
16 0.012032 13.4411569149 0.0 0.0 0.0 0.0 0.0
17 0.012212 13.8578447429 0.0 0.0 0.0 0.0 0.0
18 0.011928 13.2464788732 0.0 0.0 0.0 0.0 0.0
19 0.01244 13.8289389068 0.0 0.0 0.0 0.0 0.0
T 20 0.013 50000 5
0.052428
13.8464179446
0 0.012992 13.5197044335 0.0 0.00155279503106 0.0 0.0 0.0
1 0.013324 14.5694986491 0.0 0.0 0.0 0.0 0.0
2 0.013088 13.9410146699 0.0 0.0 0.0 0.0 0.0
3 0.012424 13.6593689633 0.0 0.0 0.0 0.0 0.00322061191626
4 0.01266 13.4088467615 0.0 0.0 0.0 0.0 0.0
5 0.013252 13.9070329007 0.0 0.0 0.0 0.00309119010819 0.0
6 0.013092 13.7445768408 0.0 0.0 0.0 0.0 0.00455235204856
7 0.012568 13.8596435391 0.00157728706625 0.0 0.0 0.0 0.00157480314961
8 0.013176 14.0567698846 0.0 0.0 0.0 0.0 0.0
9 0.012676 13.8437993058 0.0 0.0 0.0 0.00151975683891 0.00147928994083
10 0.013076 14.0422147446 0.0 0.0 0.0 0.0 0.0
11 0.013088 13.8740831296 0.0 0.0 0.0 0.0 0.0
12 0.013368 13.9715739078 0.0 0.0 0.0 0.0 0.00151745068285
13 0.013128 13.879646557 0.0 0.0 0.0 0.00149031296572 0.0
14 0.012988 14.2337542347 0.0 0.0 0.0 0.0 0.0
15 0.012376 13.6260504202 0.00162866449511 0.0 0.0 0.0 0.0
16 0.013036 13.7560601411 0.0 0.0 0.0 0.0 0.0
17 0.013168 14.3280680437 0.0 0.0 0.0 0.0 0.0
18 0.012912 13.4219330855 0.0 0.0 0.0 0.0 0.0
19 0.013516 14.099733649 0.0 0.0 0.0 0.0 0.0
T 20 0.014 50000 5
0.056592
14.2224342663
0 0.013936 13.9836394948 0.0 0.00143266475645 0.0 0.0 0.0
1 0.014472 14.7844112769 0.0 0.0 0.0 0.0 0.0
2 0.014212 14.4199268224 0.0 0.0 0.0 0.0 0.0
3 0.013428 13.9544235925 0.0 0.0 0.0 0.0 0.00301204819277
4 0.013716 13.8964712744 0.0 0.0 0.0 0.0 0.0
5 0.014144 14.244061086 0.0 0.0 0.0 0.00290275761974 0.0
6 0.014184 14.0767061478 0.0 0.0 0.0 0.0 0.00417246175243
7 0.01358 14.2568483063 0.00145137880987 0.0 0.0 0.0 0.0014598540146
8 0.014184 14.4526226734 0.0 0.00137362637363 0.0 0.0 0.0
9 0.013588 14.1236385046 0.0 0.0 0.0 0.00140252454418 0.00137551581843
10 0.01404 14.3384615385 0.0 0.0 0.0 0.0 0.0
11 0.014108 14.1570740006 0.0 0.0 0.0 0.0 0.0
12 0.0143 14.3404195804 0.0 0.0 0.0 0.0 0.00141043723554
13 0.0141 14.089929078 0.0 0.0 0.0 0.00138504155125 0.0
14 0.013904 14.500863061 0.0 0.0 0.0 0.0 0.0
15 0.013456 14.0978002378 0.00151515151515 0.0 0.0 0.0 0.0
16 0.013984 14.165617849 0.0 0.0 0.0 0.0 0.0
17 0.014188 14.7707922188 0.0 0.0 0.0 0.0 0.0
18 0.013876 13.9752089939 0.0 0.0 0.0 0.0 0.0
19 0.01446 14.4398340249 0.0 0.0 0.0 0.0 0.0
T 20 0.015 50000 5
0.060528
14.5939069522
0 0.014904 14.3921095008 0.0 0.00133155792277 0.0 0.0 0.0
1 0.015396 15.1743309951 0.0 0.0 0.0 0.0 0.0
2 0.0153 14.8449673203 0.0 0.0 0.0 0.0 0.0
3 0.014404 14.2935295751 0.0 0.00132625994695 0.0 0.0 0.00280504908836
4 0.014656 14.3941048035 0.0 0.0 0.0 0.0 0.0
5 0.015068 14.598354128 0.0 0.0 0.0 0.00274348422497 0.0
6 0.015188 14.3839873584 0.0 0.0 0.0 0.0 0.00392670157068
7 0.014464 14.5190818584 0.00135685210312 0.0 0.0 0.0 0.00136239782016
8 0.015132 14.8443034629 0.0 0.00130548302872 0.0 0.0 0.0
9 0.014524 14.4497383641 0.0 0.0 0.0 0.00131926121372 0.00129533678756
10 0.015116 14.6364117491 0.0 0.0 0.0 0.0 0.0
11 0.015072 14.6457006369 0.0 0.0 0.0 0.0 0.0
12 0.015256 14.7456738332 0.0 0.0 0.0 0.0 0.00261437908497
13 0.015044 14.4057431534 0.0 0.0 0.0 0.00131406044678 0.0
14 0.014856 14.8712977921 0.0 0.0 0.0 0.0 0.0
15 0.01446 14.3571230982 0.00141242937853 0.0 0.0 0.0 0.0
16 0.014864 14.5067276642 0.0 0.0 0.0 0.0 0.0
17 0.015184 15.240516333 0.0 0.0 0.0 0.00130208333333 0.0
18 0.014972 14.4520438151 0.0 0.0 0.0 0.0 0.0
19 0.015504 14.8059855521 0.0 0.0 0.0 0.0 0.0
T 20 0.016 50000 5
0.064688
15.0191070987
0 0.015972 14.8680190333 0.0 0.00124378109453 0.00122549019608 0.0 0.0
1 0.016344 15.4158100832 0.0 0.0 0.0 0.0 0.0
2 0.01628 15.2601965602 0.0 0.0 0.0 0.0 0.0
3 0.01546 14.5510996119 0.0 0.00123456790123 0.0 0.0 0.00262467191601
4 0.015756 14.7867479056 0.0 0.00130718954248 0.0 0.0 0.0
5 0.016068 15.1065471745 0.0 0.0 0.0 0.00256081946223 0.0
6 0.01618 14.8126081582 0.0 0.0 0.0 0.0 0.00365408038977
7 0.01552 15.0422680412 0.00127226463104 0.0 0.0 0.0 0.00123762376238
8 0.01606 15.1188044832 0.0 0.0012285012285 0.0 0.0 0.0
9 0.01542 14.7335927367 0.0 0.0 0.0 0.00126103404792 0.00121506682868
10 0.016064 15.046812749 0.0 0.0 0.0 0.0 0.0
11 0.016048 15.0785144566 0.0 0.0 0.0 0.0 0.0
12 0.0163 15.1793865031 0.0 0.0 0.0 0.0 0.00243605359318
13 0.016052 14.8592075754 0.0 0.0 0.0 0.0012315270936 0.0
14 0.015936 15.3182730924 0.0 0.0 0.0 0.0 0.0
15 0.015416 14.6549039958 0.00132100396301 0.0 0.0 0.0 0.0
16 0.015904 14.8254527163 0.0 0.0 0.0 0.0 0.0
17 0.016276 15.7490783976 0.0 0.0 0.0 0.00244498777506 0.0
18 0.016004 14.9145213697 0.0 0.0 0.0 0.0 0.0
19 0.016456 15.2343218279 0.0 0.0 0.0 0.0 0.0
T 20 0.017 50000 5
0.068688
15.4940600978
0 0.01704 15.5248826291 0.0 0.00118483412322 0.00115074798619 0.0 0.0
1 0.01728 15.8326388889 0.0 0.0 0.0 0.0 0.0
2 0.017212 15.6906809203 0.0 0.0 0.0 0.0 0.0
3 0.016612 15.0228750301 0.0 0.0011641443539 0.0 0.0 0.00243902439024
4 0.016676 15.2679299592 0.0 0.00124069478908 0.0 0.0 0.0
5 0.017108 15.376899696 0.0 0.0 0.0 0.00237529691211 0.0
6 0.01724 15.3220417633 0.0 0.0 0.0 0.0 0.00343249427918
7 0.01656 15.3152173913 0.00120048019208 0.0 0.0 0.0 0.00117647058824
8 0.01702 15.6049353702 0.0 0.00115740740741 0.0 0.0 0.0
9 0.016356 15.1731474688 0.0 0.0 0.0 0.00118343195266 0.00116144018583
10 0.017016 15.5145745181 0.0 0.0 0.0 0.0 0.0
11 0.017164 15.5404334654 0.0 0.0 0.0 0.0 0.0
12 0.017292 15.5699745547 0.0 0.0 0.0 0.0 0.00231213872832
13 0.01708 15.3021077283 0.0 0.0 0.0 0.00115740740741 0.0
14 0.017016 15.7484720263 0.0 0.0 0.0 0.0 0.0
15 0.016404 14.9680565716 0.00124223602484 0.0 0.0 0.0 0.0
16 0.016908 15.3387745446 0.0 0.0 0.0 0.0 0.0
17 0.017264 16.1466635774 0.0 0.0 0.0 0.00229621125144 0.0
18 0.016988 15.3595479162 0.0 0.0 0.0 0.0 0.0
19 0.017444 15.7200183444 0.0 0.0 0.0 0.0 0.0
T 20 0.018 50000 5
0.072692
15.9567490233
0 0.018004 15.9175738725 0.0 0.00225225225225 0.00109409190372 0.0 0.0
1 0.01836 16.4745098039 0.0 0.0 0.0 0.0 0.0
2 0.018068 15.9402258136 0.0 0.0 0.0 0.0 0.0
3 0.017588 15.3206731863 0.0 0.00110253583241 0.0 0.0 0.00231481481481
4 0.017656 15.7304032623 0.0 0.00115606936416 0.0 0.0 0.0
5 0.018124 15.7898918561 0.0 0.0 0.0 0.00220994475138 0.0
6 0.018192 15.768469657 0.0 0.0 0.0 0.0 0.0032502708559
7 0.01756 15.6018223235 0.00113378684807 0.0 0.0 0.0 0.00110741971207
8 0.017992 16.1698532681 0.0 0.00108813928183 0.0 0.0 0.0
9 0.017344 15.5650369004 0.0 0.0 0.0 0.0011350737798 0.0010989010989
10 0.018032 15.8839840284 0.0 0.0 0.0 0.0 0.0
11 0.018032 15.9236912156 0.0 0.0 0.0 0.0 0.0
12 0.01818 15.9403740374 0.0 0.0 0.0 0.0 0.00221238938053
13 0.01806 15.7379844961 0.0 0.0 0.0 0.00110619469027 0.0
14 0.017988 16.2268178786 0.0 0.0 0.0 0.0 0.0
15 0.01746 15.4636884307 0.00118063754427 0.0 0.0 0.0 0.0
16 0.017828 15.8788422706 0.0 0.0 0.0 0.0 0.0
17 0.018296 16.6657192829 0.0 0.0 0.0 0.00215517241379 0.0
18 0.017988 15.8828107627 0.0 0.0 0.0 0.0 0.0
19 0.0184 16.1480434783 0.0 0.0 0.0 0.0 0.0
T 20 0.019 50000 5
0.076868
16.415413436
0 0.019076 16.414552317 0.0 0.00211193241816 0.00102249488753 0.0 0.0
1 0.019264 16.8878737542 0.0 0.0 0.0 0.0 0.0
2 0.019188 16.4752970607 0.0 0.0 0.0 0.0 0.0
3 0.018724 15.9598376415 0.0 0.00104275286757 0.0 0.0 0.00326086956522
4 0.018656 16.1968267581 0.0 0.00109289617486 0.0 0.0 0.0
5 0.019164 16.2222917971 0.0 0.0 0.0 0.00206825232678 0.0
6 0.019132 16.2458707924 0.0 0.0 0.0 0.0 0.00410256410256
7 0.018568 16.0015079707 0.00108108108108 0.0 0.0 0.0 0.0010395010395
8 0.019068 16.7807845605 0.0 0.00102145045965 0.0 0.0 0.0
9 0.018328 15.9855958097 0.0 0.0 0.0 0.00107296137339 0.0010460251046
10 0.01908 16.3194968553 0.0 0.0 0.0 0.0 0.0
11 0.019132 16.4651892118 0.0 0.0 0.0 0.0 0.0
12 0.01912 16.4834728033 0.0 0.0 0.0 0.0 0.00208116545265
13 0.018992 16.1962931761 0.0 0.0 0.0 0.00104712041885 0.0
14 0.018972 16.6004638415 0.0 0.0 0.0 0.0 0.0
15 0.018436 15.947927967 0.00222469410456 0.0 0.0 0.0 0.0
16 0.01878 16.3064962726 0.0 0.0 0.0 0.0 0.0
17 0.01922 16.9691987513 0.0 0.0 0.0 0.00206825232678 0.0
18 0.018948 16.4323411442 0.0 0.0 0.0 0.0 0.0
19 0.01942 16.4972193615 0.0 0.0 0.0 0.0 0.0
T 20 0.02 50000 5
0.080924
16.9483960259
0 0.020064 16.8620414673 0.0 0.00199401794616 0.000968054211036 0.0 0.0
1 0.020188 17.4119278779 0.0 0.0 0.0 0.0 0.0
2 0.020124 16.9244682966 0.0 0.0 0.0 0.0 0.0
3 0.019624 16.4262128007 0.0 0.000999000999001 0.0 0.0 0.00310237849018
4 0.019696 16.6978066613 0.0 0.00103842159917 0.0 0.0 0.0
5 0.020164 16.6306288435 0.0 0.0 0.0 0.00196078431373 0.0
6 0.020092 16.7927533347 0.0 0.0 0.0 0.0 0.00392156862745
7 0.019548 16.5492121956 0.00102564102564 0.0 0.0 0.0 0.000979431929481
8 0.020132 17.3936022253 0.0 0.000963391136802 0.0 0.0 0.0
9 0.019272 16.301369863 0.0 0.0 0.0 0.00102145045965 0.000998003992016
10 0.02014 16.8103277061 0.0 0.0 0.0 0.0 0.0
11 0.020116 17.1117518393 0.0 0.0 0.0 0.0 0.0
12 0.020124 16.9656131982 0.0 0.0 0.0 0.0 0.00197628458498
13 0.020004 16.6106778644 0.0 0.0 0.0 0.000994035785288 0.0
14 0.019956 16.9406694728 0.0 0.0 0.0 0.0 0.0
15 0.0195 16.4248205128 0.00211193241816 0.0 0.0 0.0 0.0
16 0.0198 16.618989899 0.0 0.0 0.0 0.0 0.0
17 0.02014 17.5477656405 0.0 0.0 0.0 0.00199600798403 0.0
18 0.019928 16.9572460859 0.0 0.0 0.0 0.0 0.0
19 0.020428 17.0787154885 0.0 0.0 0.0 0.0 0.0
T 20 0.021 50000 5
0.084732
17.3935703158
0 0.020924 17.4719938826 0.0 0.00191021967526 0.000926784059314 0.0 0.0
1 0.02114 17.9636707663 0.0 0.0 0.0 0.0 0.0
2 0.021144 17.4074914869 0.0 0.000936329588015 0.0 0.0 0.0
3 0.020576 16.9173794712 0.0 0.000944287063267 0.0 0.0 0.00295275590551
4 0.020596 17.3021946009 0.0 0.000983284169125 0.0 0.0 0.0
5 0.021072 17.2234244495 0.0 0.0 0.0 0.00186741363212 0.0
6 0.021112 17.4215611974 0.0 0.0 0.0 0.0 0.00372439478585
7 0.020564 17.1272126046 0.000974658869396 0.0 0.0 0.0 0.000941619585687
8 0.021136 17.9752081756 0.0 0.000914913083257 0.0 0.0 0.0
9 0.020296 16.8226251478 0.0 0.00100502512563 0.0 0.000954198473282 0.000955109837631
10 0.0211 17.3101421801 0.0 0.0 0.0 0.0 0.0
11 0.021072 17.7321564161 0.0 0.0 0.0 0.0 0.0
12 0.021132 17.4953624834 0.0 0.0 0.0 0.0 0.00188857412653
13 0.02102 16.9933396765 0.0 0.0 0.0 0.000940733772342 0.0
14 0.020908 17.4059690071 0.0 0.0 0.0 0.0 0.0
15 0.020592 17.0235042735 0.00199600798403 0.0 0.0 0.0 0.0
16 0.02076 17.0055876686 0.0 0.0 0.0 0.0 0.0
17 0.021072 17.9206529992 0.0 0.0 0.0 0.00189393939394 0.0
18 0.020984 17.4359512009 0.0 0.0 0.0 0.0 0.0
19 0.02136 17.4593632959 0.0 0.0 0.0 0.0 0.0
T 20 0.022 50000 5
0.088656
17.9295253564
0 0.021968 17.9612163146 0.0 0.00182315405652 0.000883392226148 0.0 0.0
1 0.022088 18.731256791 0.0 0.0 0.0 0.0 0.0
2 0.022104 17.8403908795 0.0 0.000893655049151 0.0 0.0 0.0
3 0.021556 17.4416403785 0.0 0.00090661831369 0.0 0.0 0.00282752120641
4 0.02146 17.6918918919 0.0 0.000943396226415 0.0 0.0 0.0
5 0.022008 17.7537259178 0.0 0.0 0.0 0.00179211469534 0.0
6 0.022172 18.1399963918 0.0 0.0 0.0 0.0 0.00357142857143
7 0.021572 17.5712961246 0.000926784059314 0.00094696969697 0.00093370681606 0.0 0.00090661831369
8 0.022108 18.5469513298 0.0 0.000878734622144 0.0 0.0 0.0
9 0.02122 17.2816211122 0.0 0.000960614793468 0.0 0.000912408759124 0.000918273645546
10 0.022104 17.9196525516 0.0 0.0 0.0 0.0 0.0
11 0.021992 18.1644234267 0.0 0.0 0.0 0.0 0.0
12 0.022048 18.0223149492 0.0 0.0 0.0 0.0 0.00183654729109
13 0.022092 17.5793952562 0.0 0.0 0.0 0.000889679715302 0.0
14 0.02196 18.0032786885 0.0 0.0 0.0 0.0 0.0
15 0.021512 17.4776868724 0.00192307692308 0.0 0.0 0.0 0.0
16 0.021784 17.4006610356 0.0 0.0 0.0 0.0 0.0
17 0.02206 18.4670897552 0.0 0.0 0.0 0.00180668473351 0.0
18 0.021948 17.8385274285 0.0 0.0 0.0 0.000901713255185 0.0
19 0.022404 18.0664167113 0.0 0.000896860986547 0.0 0.0 0.0
T 20 0.023 50000 5
0.09254
18.5532742598
0 0.022932 18.5628815629 0.0 0.00173310225303 0.000851063829787 0.0 0.0
1 0.023008 19.3995132128 0.0 0.0 0.0 0.0 0.0
2 0.023168 18.3908839779 0.0 0.000858369098712 0.0 0.0 0.000850340136054
3 0.022608 18.2712314225 0.0 0.000860585197935 0.0 0.0 0.00269541778976
4 0.022432 18.220042796 0.0 0.00089928057554 0.0 0.0 0.0
5 0.023032 18.5283084404 0.0 0.0 0.0 0.00171086398631 0.0
6 0.023152 18.809951624 0.0 0.0 0.0 0.0 0.00339558573854
7 0.02256 18.0246453901 0.000884955752212 0.000892857142857 0.000901713255185 0.0 0.000871839581517
8 0.023052 19.0567412806 0.0 0.000844594594595 0.0 0.0 0.0
9 0.022256 17.7965492451 0.0 0.000909090909091 0.0 0.000868809730669 0.000882612533098
10 0.023188 18.6444712782 0.0 0.0 0.0 0.0 0.0
11 0.02302 18.7907906169 0.0 0.0 0.0 0.0 0.0
12 0.022976 18.5877437326 0.0 0.0 0.0 0.0 0.00176991150442
13 0.02312 18.3835640138 0.0 0.0 0.0 0.000850340136054 0.0
14 0.023008 18.6415159944 0.0 0.0 0.0 0.0 0.0
15 0.022568 18.1694434598 0.00182481751825 0.0 0.0 0.0 0.0
16 0.022764 17.9757511861 0.0 0.0 0.0 0.0 0.0
17 0.022968 18.776907001 0.0 0.0 0.0 0.00174672489083 0.0
18 0.022928 18.6632937893 0.0 0.0 0.000881057268722 0.000865800865801 0.0
19 0.023456 18.5642905866 0.0 0.000866551126516 0.0 0.0 0.0
T 20 0.024 50000 5
0.096556
19.2266456771
0 0.023944 19.2111593719 0.0 0.00166389351082 0.000821018062397 0.0 0.000822368421053
1 0.024068 20.0319095895 0.0 0.0 0.0 0.0 0.0
2 0.024212 19.1642160912 0.0 0.000821692686935 0.0 0.0 0.000805152979066
3 0.023616 18.8594173442 0.0 0.000825763831544 0.0 0.0 0.00256629597947
4 0.023356 18.731803391 0.0 0.000861326442722 0.0 0.0 0.0
5 0.023964 19.2669003505 0.0 0.0 0.0 0.00165425971878 0.0
6 0.0241 19.192033195 0.0 0.0 0.0 0.0 0.00326797385621
7 0.023556 18.5972151469 0.000848896434635 0.000854700854701 0.000864304235091 0.0 0.000833333333333
8 0.024076 19.7393254693 0.0 0.000810372771475 0.0 0.0 0.0
9 0.023256 18.4991400069 0.0 0.000871080139373 0.0 0.000837520938023 0.000848176420696
10 0.024264 19.4268051434 0.0 0.0 0.0 0.0 0.0
11 0.024032 19.4304260985 0.000839630562552 0.0 0.0 0.0 0.0
12 0.02398 19.1673060884 0.0 0.0 0.0 0.0 0.00170648464164
13 0.024216 19.3055830856 0.0 0.0 0.0 0.000810372771475 0.0
14 0.024012 19.2450441446 0.0 0.0 0.0 0.0 0.0
15 0.023652 18.6913580247 0.00172860847018 0.0 0.0 0.0 0.0
16 0.023644 18.5078666892 0.0 0.0 0.0 0.0 0.0
17 0.02388 19.4177554439 0.0 0.0 0.0 0.00167224080268 0.0
18 0.023936 19.3238636364 0.0 0.0 0.000846740050804 0.000834724540902 0.0
19 0.024492 19.2172137841 0.0 0.000832639467111 0.0 0.0 0.0
T 20 0.025 50000 5
0.100704
19.994717191
0 0.024884 19.7902266517 0.0 0.00160256410256 0.000792393026941 0.0 0.000790513833992
1 0.025032 20.6500479386 0.0 0.0 0.0 0.0 0.0
2 0.02526 20.0935866983 0.0 0.000789265982636 0.0 0.0 0.000769822940724
3 0.024588 19.364405401 0.0 0.00159616919393 0.0 0.0 0.00245298446443
4 0.024416 19.6120576671 0.0 0.000825082508251 0.0 0.0 0.0
5 0.024812 20.1154280187 0.0 0.0 0.0 0.0016 0.0
6 0.025152 19.9969783715 0.0 0.0 0.0 0.0 0.0031007751938
7 0.024552 19.3897034865 0.000807754442649 0.000822368421053 0.000825082508251 0.0 0.000804505229284
8 0.02508 20.4352472089 0.0 0.000777604976672 0.0 0.0 0.0
9 0.024252 19.1213920501 0.0 0.000841042893188 0.0 0.000797448165869 0.000807754442649
10 0.02522 20.0417129262 0.0 0.0 0.0 0.0 0.0
11 0.025 20.0104 0.0016077170418 0.0 0.0 0.0 0.0
12 0.024924 19.7698603755 0.0 0.0 0.000793021411578 0.0 0.00164338537387
13 0.025332 19.9486815096 0.0 0.0 0.0 0.00077519379845 0.0
14 0.024992 19.8289052497 0.0 0.0 0.0 0.0 0.0
15 0.024688 19.4455605962 0.00165289256198 0.0 0.0 0.0 0.0
16 0.0246 19.0845528455 0.0 0.0 0.0 0.0 0.0
17 0.024992 20.3991677337 0.0 0.0 0.0 0.00159616919393 0.0
18 0.024936 20.0649663138 0.0 0.0 0.000808407437348 0.00080064051241 0.0
19 0.025568 19.9425844806 0.0 0.0008038585209 0.0 0.0 0.000763358778626
T 20 0.026 50000 5
0.104716
20.8332251041
0 0.025852 20.7429986075 0.0 0.00154320987654 0.000767459708365 0.0 0.000762776506484
1 0.026016 21.4996924969 0.0 0.0 0.0 0.0 0.0
2 0.026232 20.8580359866 0.0 0.000757002271007 0.0 0.0 0.000745156482861
3 0.025576 20.204723178 0.0 0.00153374233129 0.000742390497402 0.0 0.00234375
4 0.02536 20.2116719243 0.0 0.000799360511591 0.0 0.0 0.0
5 0.0258 21.0531782946 0.0 0.0 0.0 0.00153022188217 0.0
6 0.02618 20.6417112299 0.0 0.0 0.0 0.0 0.00297397769517
7 0.02546 19.9602513747 0.000780031201248 0.0008 0.000788022064618 0.0 0.000777604976672
8 0.026028 21.0951283233 0.0 0.000753579502638 0.0 0.0 0.0
9 0.025168 19.993324857 0.0 0.000811688311688 0.0 0.000774593338497 0.000772797527048
10 0.026328 20.8927377697 0.0 0.0 0.0 0.0 0.0
11 0.026068 20.8183213135 0.00151975683891 0.000766283524904 0.0 0.0 0.0
12 0.025796 20.5022484106 0.0 0.0 0.00077101002313 0.0 0.0015873015873
13 0.026344 20.8478590951 0.0 0.0 0.0 0.000747384155456 0.0
14 0.026036 20.5834997695 0.000749063670412 0.0 0.0 0.0 0.0
15 0.025612 20.0273309386 0.00158982511924 0.0 0.0 0.0 0.0
16 0.025624 20.0697783328 0.0 0.0 0.0 0.0 0.0
17 0.0261 21.2688122605 0.0 0.0 0.0 0.00153374233129 0.0
18 0.025924 20.787378491 0.0 0.0 0.000783085356304 0.000769230769231 0.0
19 0.02658 20.7954853273 0.0 0.000765110941086 0.0 0.0 0.000736377025037
T 20 0.027 50000 5
0.108684
21.8522321593
0 0.026944 21.5497327791 0.0 0.00147819660015 0.000740192450037 0.0 0.000732064421669
1 0.026916 22.5201367217 0.0 0.0 0.0 0.0 0.0
2 0.027208 21.701264334 0.0 0.000735835172921 0.0 0.0 0.000716845878136
3 0.026564 20.9095015811 0.0 0.00148920327625 0.000717360114778 0.0 0.00224887556222
4 0.026468 20.9005591658 0.0 0.000763941940413 0.0 0.0 0.000720980533526
5 0.0267 21.7223970037 0.0 0.0 0.0 0.00149031296572 0.0
6 0.027156 21.3386360289 0.0 0.0 0.0 0.0 0.00287976961843
7 0.026432 20.8665254237 0.00149700598802 0.000769822940724 0.000762195121951 0.0 0.000752445447705
8 0.026932 21.9462349621 0.0 0.000727272727273 0.0 0.0 0.0
9 0.026212 20.8406836563 0.000781860828772 0.000780031201248 0.0 0.000747384155456 0.000745712155108
10 0.02734 21.9429407462 0.0 0.0 0.0 0.0 0.0
11 0.027112 21.7102390086 0.00146092037984 0.000737463126844 0.0 0.0 0.0
12 0.026788 21.4248170823 0.0 0.0 0.000743494423792 0.000739644970414 0.00152555301297
13 0.027284 21.5708840346 0.0 0.0 0.0 0.000724112961622 0.0
14 0.027068 21.3911629969 0.000724112961622 0.0 0.0 0.0 0.0
15 0.026532 20.6466154078 0.00154083204931 0.0 0.0 0.0 0.0
16 0.026792 20.9237085697 0.0 0.0 0.0 0.0 0.0
17 0.027096 22.2053439622 0.0 0.0 0.0 0.00148920327625 0.0
18 0.026932 21.5937917719 0.0 0.0 0.000757002271007 0.000740192450037 0.0
19 0.027624 21.740805097 0.000719942404608 0.000736377025037 0.0 0.0 0.000714796283059
T 20 0.028 50000 5
0.112764
22.7465148452
0 0.027912 22.394239037 0.000727272727273 0.00142755174875 0.000715819613457 0.0 0.000703729767769
1 0.027928 23.2559438556 0.0 0.0 0.0 0.0 0.0
2 0.028236 22.8297209236 0.0 0.000709723207949 0.0 0.0 0.000688231245699
3 0.027604 21.519489929 0.0 0.0014367816092 0.000695410292072 0.0 0.0028839221341
4 0.027524 21.7456765005 0.0 0.00147167034584 0.0 0.0 0.000693000693001
5 0.027712 22.6727771363 0.0 0.0 0.0 0.00143369175627 0.0
6 0.028048 22.2306046777 0.0 0.0 0.00140845070423 0.0 0.00277777777778
7 0.0274 21.4764963504 0.00144613159798 0.000744047619048 0.000733675715334 0.0 0.000722543352601
8 0.027896 23.2140808718 0.0 0.000702247191011 0.0 0.0 0.000715819613457
9 0.027288 21.9498680739 0.000748502994012 0.000748502994012 0.0 0.000716845878136 0.000716332378223
10 0.028372 22.6960383477 0.0 0.0 0.0 0.0 0.0
11 0.028096 22.7690774487 0.00140449438202 0.00070821529745 0.0 0.0 0.0
12 0.027796 22.2981723989 0.0 0.0 0.000710227272727 0.000713266761769 0.00147928994083
13 0.028216 22.6738020981 0.0 0.0 0.0 0.000696378830084 0.0
14 0.028084 22.1571001282 0.000701754385965 0.0 0.0 0.0 0.0
15 0.027412 21.3319713994 0.00149253731343 0.0 0.0 0.000719942404608 0.0
16 0.0277 21.6131407942 0.0 0.0 0.0 0.0 0.0
17 0.02802 23.0158458244 0.0 0.0 0.0 0.0014450867052 0.0
18 0.027932 22.5613633109 0.0 0.0 0.000730994152047 0.000713266761769 0.0
19 0.028664 22.6728998046 0.000689655172414 0.000710227272727 0.0 0.0 0.000690607734807
T 20 0.029 50000 5
0.116708
23.7344140933
0 0.028876 23.3690261809 0.00070771408351 0.00136798905609 0.000691085003455 0.0 0.00068166325835
1 0.029008 24.1800882515 0.0 0.0 0.0 0.0 0.0
2 0.029356 23.8336285597 0.0 0.000677506775068 0.0 0.0 0.000663570006636
3 0.028552 22.4625945643 0.0 0.00138888888889 0.00134408602151 0.0 0.00278745644599
4 0.028472 22.7072211295 0.0 0.00212765957447 0.0 0.0 0.000673400673401
5 0.028668 23.4132831031 0.0 0.0 0.0 0.001386001386 0.0
6 0.028988 23.1091486132 0.0 0.0 0.00204778156997 0.0 0.00267022696929
7 0.028472 22.3498173644 0.00139082058414 0.000719942404608 0.000706214689266 0.0 0.00139178844816
8 0.028908 24.0671094507 0.0 0.000676132521974 0.0 0.0 0.000692520775623
9 0.028284 23.0220619431 0.000717360114778 0.000722543352601 0.0 0.000694927032662 0.000695410292072
10 0.029336 23.6544859558 0.0 0.0 0.0 0.0 0.0
11 0.029092 23.7375223429 0.00135869565217 0.000684462696783 0.0 0.0 0.0
12 0.028828 23.3044262523 0.0 0.0 0.000685400959561 0.000683994528044 0.00142247510669
13 0.029188 23.8344525147 0.0 0.0 0.0 0.000677506775068 0.0
14 0.029032 23.3480297603 0.000676132521974 0.0 0.0 0.0 0.000699790062981
15 0.028348 22.5105122054 0.00143781452193 0.0 0.0 0.000693962526024 0.0
16 0.028704 22.6771181717 0.0 0.0 0.0 0.0 0.0
17 0.029004 24.0966763205 0.0 0.0 0.0 0.00139470013947 0.0
18 0.028892 23.6142876921 0.0 0.0 0.000705716302047 0.000694444444444 0.0
19 0.029572 23.8912484783 0.000667556742323 0.00068870523416 0.0 0.0 0.000671591672263
T 20 0.03 50000 5
0.120788
24.9019107858
0 0.029792 24.192132116 0.000682593856655 0.00132714001327 0.000670241286863 0.0 0.000660501981506
1 0.03006 25.4580172987 0.0 0.0 0.0 0.0 0.0
2 0.030324 25.0217649387 0.0 0.000658327847268 0.000662251655629 0.0 0.000644329896907
3 0.02948 23.8474898236 0.0 0.00134861766689 0.00129701686122 0.0 0.00271554650373
4 0.02954 23.7530128639 0.0 0.00206327372765 0.0 0.00138121546961 0.000646830530401
5 0.02964 24.2973009447 0.0 0.0 0.0 0.00134048257373 0.0
6 0.030056 24.2567207879 0.0 0.0 0.00198938992042 0.0 0.00256081946223
7 0.029484 23.4037444037 0.00135226504395 0.000689179875948 0.00135869565217 0.0 0.00134408602151
8 0.029896 25.0461600214 0.0 0.000651890482399 0.0 0.0 0.000669792364367
9 0.029296 23.8722009831 0.000692520775623 0.00070126227209 0.0 0.000670241286863 0.000668449197861
10 0.030368 24.6786090622 0.0 0.0 0.0 0.0 0.0
11 0.030084 24.9897619997 0.00197628458498 0.00197238658777 0.0 0.0 0.0
12 0.02982 24.1979879276 0.0 0.0 0.000657894736842 0.000664451827243 0.00136892539357
13 0.030132 25.0144696668 0.0 0.0 0.0 0.000657894736842 0.0
14 0.029976 24.931278356 0.000651890482399 0.0 0.0 0.0 0.000675675675676
15 0.029336 23.4593673302 0.00139958012596 0.0 0.0 0.000673400673401 0.0
16 0.02972 23.9969044415 0.0 0.0 0.0 0.0 0.0
17 0.030024 25.1426858513 0.0 0.0 0.0 0.00134318334453 0.0
18 0.029964 24.8588973435 0.0 0.0 0.00068073519401 0.000670690811536 0.0
19 0.03056 25.0731675393 0.000648088139987 0.000665335994677 0.0 0.0 0.000646830530401
T 20 0.031 50000 5
0.124796
26.1378569826
0 0.030768 25.4385075403 0.000660938532716 0.00128205128205 0.0012987012987 0.0 0.000638977635783
1 0.031028 26.7704009282 0.0 0.0 0.0 0.0 0.0
2 0.031348 26.2259793288 0.0 0.000639795265515 0.000641436818473 0.0 0.000622665006227
3 0.030548 25.1808301689 0.00065274151436 0.00129533678756 0.00186799501868 0.0 0.00265428002654
4 0.030524 24.7966190539 0.0 0.00266311584554 0.0 0.00133779264214 0.000624219725343
5 0.03054 25.7174852652 0.0 0.000649350649351 0.0 0.00130293159609 0.0
6 0.031244 25.8289591602 0.0 0.000645161290323 0.00192554557125 0.0 0.00245851259988
7 0.030492 24.3623245441 0.00130975769483 0.000668002672011 0.00132187706543 0.0 0.00130123617437
8 0.03082 25.8942245295 0.0 0.000632911392405 0.0006373486297 0.0 0.000648088139987
9 0.030324 24.9829837752 0.000670241286863 0.000676132521974 0.0 0.000645994832041 0.00129115558425
10 0.031364 26.1506185436 0.0 0.0 0.0 0.0 0.0
11 0.031048 26.1567894872 0.00191938579655 0.00190961171229 0.0 0.0 0.0
12 0.030812 25.0494612489 0.0 0.0 0.000638569604087 0.000643500643501 0.00132538104705
13 0.031212 26.2320902217 0.0 0.0 0.0 0.000631313131313 0.0
14 0.030956 26.2891846492 0.000632511068944 0.0 0.0 0.0 0.00065274151436
15 0.030312 24.6410662444 0.00135777325187 0.0 0.0 0.000651465798046 0.0
16 0.030696 25.2401615846 0.0 0.0 0.0 0.0 0.0
17 0.031048 26.4296573048 0.0 0.0 0.0 0.00130208333333 0.0
18 0.03098 25.7638476436 0.0 0.0 0.000653594771242 0.00064892926671 0.0
19 0.031476 26.3544287711 0.000627352572146 0.00129032258065 0.0 0.0 0.000628535512256
T 20 0.032 50000 5
0.128676
27.417420498
0 0.03162 26.2640101202 0.000644329896907 0.00124688279302 0.00126662444585 0.0 0.000621504039776
1 0.032008 28.0401149713 0.0 0.0 0.0 0.0 0.0
2 0.032344 27.6784565916 0.0 0.000623441396509 0.000622665006227 0.0 0.00120992135511
3 0.031476 26.2851696531 0.000631313131313 0.00125628140704 0.00182926829268 0.0 0.00256245996156
4 0.031596 26.1616660337 0.0 0.0025706940874 0.0 0.00193423597679 0.0006038647343
5 0.031588 26.9330125364 0.0 0.000623441396509 0.0 0.001261829653 0.0
6 0.032288 27.4667988107 0.0 0.000625782227785 0.00185643564356 0.0 0.00238663484487
7 0.031432 25.5094171545 0.00126262626263 0.000653167864141 0.00128205128205 0.0 0.00126502213789
8 0.031768 27.4333920927 0.0 0.000617665225448 0.000619578686493 0.0 0.000630119722747
9 0.03142 26.2998090388 0.000652315720809 0.000651465798046 0.0 0.000619962802232 0.00125156445557
10 0.032388 27.4790663209 0.0 0.0 0.0 0.0 0.0
11 0.032036 27.5230365838 0.00248911014312 0.00184275184275 0.0 0.0 0.0
12 0.031804 26.4278707081 0.0 0.0 0.000624219725343 0.000623441396509 0.00129032258065
13 0.032136 27.497261638 0.0 0.0 0.0 0.000616142945163 0.0
14 0.031976 27.9085564173 0.000610873549175 0.0 0.0 0.0 0.00063211125158
15 0.031288 25.8006903605 0.00131752305665 0.0 0.0 0.000634920634921 0.0
16 0.031688 26.4684423125 0.0 0.0 0.0 0.0 0.0
17 0.032004 27.6709161355 0.000615006150062 0.0 0.000620347394541 0.00126262626263 0.0
18 0.032108 27.2517752585 0.0 0.0 0.000634920634921 0.000625782227785 0.0
19 0.032328 27.4962880475 0.000605326876513 0.00125786163522 0.0 0.0 0.00122174709835
T 20 0.033 50000 5
0.13282
28.9362445415
0 0.032652 27.7981134387 0.00062656641604 0.00121432908318 0.00122324159021 0.0 0.000598086124402
1 0.03302 29.4208358571 0.0 0.0 0.0 0.0 0.0
2 0.033464 29.2534066459 0.0 0.000605693519079 0.000605693519079 0.0 0.00116076610563
3 0.032436 27.8934517203 0.000611995104039 0.00121876904327 0.00178041543027 0.0 0.00248756218905
4 0.032612 27.8206795045 0.0 0.00249532127261 0.0 0.00187265917603 0.000583430571762
5 0.0327 28.8797553517 0.0 0.000605326876513 0.0 0.00120918984281 0.0
6 0.033244 28.6188184334 0.0 0.000608642726719 0.0018192844148 0.0 0.00231347599769
7 0.032464 26.6365204534 0.00121728545344 0.00063211125158 0.00123228589033 0.0 0.00184388444991
8 0.032792 29.1801658941 0.0 0.00059488399762 0.000603136308806 0.0 0.00122324159021
9 0.032452 27.509182793 0.000632911392405 0.000631711939356 0.0 0.000596302921884 0.00121580547112
10 0.033372 29.2350473451 0.0 0.0 0.0 0.0 0.0
11 0.03302 28.8581465778 0.002416918429 0.00179104477612 0.0 0.0 0.0
12 0.032888 27.6953296035 0.0 0.0 0.000608272506083 0.000605693519079 0.00124533001245
13 0.033196 29.1080853115 0.0 0.0 0.0 0.00059488399762 0.0
14 0.033012 30.3484793408 0.000590667454223 0.0 0.0 0.0 0.000614250614251
15 0.032388 27.3731011486 0.0012746972594 0.0 0.0 0.000611246943765 0.0
16 0.032596 27.5936924776 0.0 0.0 0.0 0.0 0.0
17 0.033068 29.4773194629 0.000597014925373 0.0 0.000604594921403 0.00121654501217 0.0
18 0.033072 29.1173197871 0.0 0.0 0.000620732464308 0.000610128126907 0.000597014925373
19 0.033352 28.9749340369 0.000590318772137 0.00121802679659 0.0 0.0 0.00118413262285
T 20 0.034 50000 5
0.136756
30.7934130861
0 0.033608 29.4231135444 0.000609013398295 0.0011862396204 0.00118764845606 0.0 0.000580720092915
1 0.033976 31.1984930539 0.0 0.000572082379863 0.0 0.0 0.0
2 0.034424 30.8915872647 0.0 0.000585823081429 0.00058858151854 0.0 0.00112994350282
3 0.03338 29.0846015578 0.00118764845606 0.00118553645525 0.0017371163868 0.0 0.0024154589372
4 0.033672 29.5292230934 0.0 0.00242130750605 0.0 0.00240529164161 0.00113442994895
5 0.03364 30.4230677765 0.0 0.00058858151854 0.0 0.00117027501463 0.0
6 0.03416 30.3343091335 0.0 0.000589622641509 0.0017667844523 0.0 0.00226244343891
7 0.03354 28.5234347048 0.00118553645525 0.00121951219512 0.00178147268409 0.0 0.00178784266985
8 0.033808 31.0551348793 0.0 0.000577367205543 0.000585137507314 0.0 0.00118976799524
9 0.033396 28.9208288418 0.000614250614251 0.000616522811344 0.0 0.000580720092915 0.00117785630153
10 0.034336 30.7953168686 0.0 0.0 0.0 0.0 0.0
11 0.03406 30.9005284792 0.00294985250737 0.00173210161663 0.0 0.0 0.0
12 0.03392 29.8351415094 0.0 0.0 0.000585137507314 0.000587199060482 0.00121138703816
13 0.034248 31.2724830647 0.0 0.0 0.0 0.000574712643678 0.0
14 0.033964 31.9604286892 0.000575043128235 0.0 0.0 0.0 0.000596302921884
15 0.033408 29.027658046 0.0012315270936 0.0 0.0 0.000595238095238 0.0
16 0.033544 29.1655139518 0.0 0.000587889476778 0.0 0.0 0.0
17 0.03406 31.1832061069 0.000583771161705 0.0 0.000585823081429 0.00117577895356 0.0
18 0.034104 30.6599812339 0.0 0.0 0.000599520383693 0.000593824228029 0.000579038795599
19 0.034468 30.8926540559 0.000570450656018 0.00117716303708 0.0 0.0 0.0011396011396
T 20 0.035 50000 5
0.140724
32.6663824223
0 0.034628 31.2194755689 0.000592768227623 0.00114810562572 0.00171135196805 0.0 0.000566893424036
1 0.034944 33.2421016484 0.0 0.000556483027268 0.0 0.0 0.0
2 0.035448 33.0340780862 0.0 0.000565930956423 0.000573394495413 0.0 0.00109649122807
3 0.034436 31.0860727146 0.00114678899083 0.00115141047784 0.00168728908886 0.0 0.00234466588511
4 0.034636 31.5074488971 0.0 0.00292911540715 0.0 0.00350672121566 0.00110558319514
5 0.034484 31.7073425357 0.0 0.000574382538771 0.0 0.0011350737798 0.000576701268743
6 0.03518 32.3080159181 0.0 0.00114744693058 0.0017094017094 0.0 0.00220872446162
7 0.034524 30.4209245742 0.00114744693058 0.00118764845606 0.00173510699826 0.0 0.00173410404624
8 0.034768 32.6661297745 0.0 0.00056338028169 0.000568828213879 0.0 0.00115141047784
9 0.034304 30.0309001866 0.000595238095238 0.000595238095238 0.0 0.000565930956423 0.00115406809002
10 0.03538 32.5822498587 0.0 0.0 0.0 0.0 0.0
11 0.03508 33.1950969213 0.00286041189931 0.00167879127029 0.0 0.0 0.0
12 0.034824 31.7010107972 0.0 0.0 0.00114351057747 0.000570776255708 0.00117164616286
13 0.03526 33.1539421441 0.000557724484105 0.0 0.0 0.00056338028169 0.0
14 0.034876 33.6281683679 0.00112296462661 0.0 0.0 0.0 0.000576036866359
15 0.034284 30.210127173 0.00118906064209 0.0 0.0 0.00116346713205 0.0
16 0.034576 31.5896575659 0.000572082379863 0.000571102227299 0.0 0.0 0.0
17 0.035008 32.6875 0.000566893424036 0.0 0.000572409845449 0.00114090131204 0.0
18 0.035076 32.5157942753 0.0 0.0 0.000582411182295 0.000575705238918 0.000564652738566
19 0.035544 33.3112761648 0.001108033241 0.00113250283126 0.0 0.0 0.0016694490818
T 20 0.036 50000 5
0.144648
35.028980698
0 0.035624 33.4249943858 0.00115673799884 0.00112107623318 0.0016620498615 0.0 0.000552486187845
1 0.035984 36.0910404624 0.0 0.000540540540541 0.0 0.0 0.0
2 0.036436 35.2024371501 0.0 0.000550660792952 0.000557413600892 0.0 0.00107296137339
3 0.035424 33.2188346883 0.00111172873819 0.00112549240293 0.00163844893501 0.0 0.00228050171038
4 0.035636 33.7399259176 0.0 0.00285388127854 0.0 0.00340136054422 0.0021528525296
5 0.035512 33.9398513179 0.0 0.000556483027268 0.000564652738566 0.00110253583241 0.000561482313307
6 0.0361 34.5481440443 0.0 0.001679731243 0.0016620498615 0.0 0.00215866162979
7 0.035556 32.2810214872 0.00111296605454 0.00114613180516 0.00168823860439 0.0 0.00168728908886
8 0.035812 34.864291299 0.0 0.00054914881933 0.000551267916207 0.0 0.00167410714286
9 0.035292 31.8310098606 0.000578703703704 0.000579710144928 0.0 0.00165107319758 0.00112233445567
10 0.0364 34.5818681319 0.000562429696288 0.0 0.0 0.0 0.0
11 0.035972 35.0462582008 0.00279642058166 0.0016456390565 0.0 0.0 0.0
12 0.035944 33.7042065435 0.0 0.0 0.00110558319514 0.000550357732526 0.0011350737798
13 0.036212 35.679001436 0.000544069640914 0.0 0.0 0.000551571980143 0.0
14 0.035968 36.1621441281 0.00108873162765 0.0 0.0 0.0 0.000558971492454
15 0.035252 31.8381935777 0.00116076610563 0.0 0.0 0.00113571834185 0.0
16 0.035584 33.6472571942 0.000554938956715 0.000555555555556 0.0 0.0 0.0
17 0.035948 34.8999666184 0.000551571980143 0.0 0.000556792873051 0.00110926234054 0.000562113546936
18 0.03612 34.4627906977 0.0 0.0 0.00056338028169 0.000562746201463 0.000547645125958
19 0.036524 36.0093089475 0.00107066381156 0.00110558319514 0.0 0.0 0.00163132137031
T 20 0.037 50000 5
0.148668
37.4776549089
0 0.036692 35.3618227407 0.00112612612613 0.00109110747409 0.00161637931034 0.0 0.000532765050613
1 0.037024 38.2055963699 0.0 0.000523286237572 0.0 0.0 0.0
2 0.037416 37.3057515501 0.0 0.000533049040512 0.000545851528384 0.0 0.00104112441437
3 0.036452 35.9507297268 0.00108225108225 0.00109709270433 0.00159489633174 0.0 0.00221238938053
4 0.036664 36.4386864499 0.0 0.00277161862528 0.0 0.003300330033 0.00261917234154
5 0.036436 35.5169612471 0.0 0.000542005420054 0.000549450549451 0.00107700592353 0.000546149645003
6 0.037028 37.2093550826 0.0 0.0016348773842 0.0016146393972 0.0 0.00211081794195
7 0.036556 34.5032279243 0.00108049702863 0.00111420612813 0.00163576881134 0.0 0.00219178082192
8 0.036752 36.6311493252 0.0 0.000536768652711 0.000536480686695 0.0 0.00163220892274
9 0.0363 33.8672176309 0.000562429696288 0.000564334085779 0.0 0.00213561131874 0.00109769484083
10 0.037308 37.2293341911 0.000547945205479 0.0 0.0 0.000525210084034 0.0
11 0.036948 38.1809028905 0.0038084874864 0.00214018191546 0.0 0.0 0.0
12 0.037096 36.7008841924 0.0 0.0 0.0010775862069 0.000529941706412 0.00110192837466
13 0.037184 38.747095525 0.00053050397878 0.0 0.0 0.000534188034188 0.0
14 0.036892 38.7190718855 0.00106723585912 0.0 0.0 0.0 0.000544959128065
15 0.036112 33.7791315906 0.0011350737798 0.0 0.0 0.0016501650165 0.0
16 0.036592 36.2400524705 0.000541125541126 0.00107874865156 0.000559597090095 0.0 0.0
17 0.036868 37.1584029511 0.00107469102633 0.0 0.000540832882639 0.00162601626016 0.00109769484083
18 0.037108 37.5646221839 0.0 0.0 0.000545553737043 0.000547945205479 0.000533049040512
19 0.0375 38.42784 0.00156494522692 0.00108342361863 0.0 0.0 0.00158814187401
T 20 0.038 50000 5
0.15272
40.1687008905
0 0.037676 37.3441978979 0.00109649122807 0.00105708245243 0.0015756302521 0.0 0.000520291363163
1 0.038032 40.9060790913 0.0 0.000509424350484 0.0 0.000543773790103 0.0
2 0.03844 40.4182101977 0.0 0.000517598343685 0.000530222693531 0.0 0.00152284263959
3 0.037556 38.5229523911 0.00208877284595 0.00107469102633 0.00154639175258 0.0 0.00214477211796
4 0.03756 38.1290734824 0.0 0.00271444082519 0.0 0.00320512820513 0.00256278831369
5 0.037496 38.4587155963 0.0 0.000524109014675 0.000532765050613 0.00104712041885 0.000533902829685
6 0.037984 40.1591196293 0.0 0.00159574468085 0.00209095661265 0.0 0.00206079340546
7 0.037688 37.0866058162 0.00104712041885 0.00108283703303 0.00158311345646 0.0 0.00211528291909
8 0.0378 39.6161904762 0.0 0.000523012552301 0.000521376433785 0.0 0.00211752249868
9 0.037388 36.4771584466 0.000544959128065 0.000546448087432 0.0 0.00258131130614 0.00106780565937
10 0.03838 40.3392391871 0.000532197977648 0.0 0.0 0.000513874614594 0.0
11 0.037916 41.2893765165 0.00372935535429 0.00208333333333 0.0 0.0 0.0
12 0.038148 39.9076229422 0.0 0.0 0.00104438642298 0.000513347022587 0.00107123727906
13 0.038144 41.0045092282 0.00051867219917 0.0 0.0 0.000521920668058 0.0
14 0.0379 41.7503957784 0.0010395010395 0.0 0.0 0.0 0.000529661016949
15 0.037128 36.0198233139 0.0011013215859 0.000540248514317 0.0 0.00159914712154 0.0
16 0.037596 39.3954676029 0.000527148128624 0.00104931794334 0.000543773790103 0.0 0.0
17 0.037872 39.9769750739 0.00208768267223 0.0 0.000526592943655 0.00158562367865 0.00213219616205
18 0.038064 39.7152164775 0.0 0.0 0.000531349628055 0.000534188034188 0.000517598343685
19 0.038468 42.1869605906 0.00203148806501 0.00105708245243 0.0 0.0 0.00155440414508
T 20 0.039 50000 5
0.156756
43.4342034755
0 0.038604 39.9982385245 0.0016 0.00103788271925 0.00153846153846 0.0 0.0010157440325
1 0.039092 44.369180395 0.0 0.00148588410104 0.000515729757607 0.000524658971668 0.0
2 0.039488 44.8305307942 0.0 0.00050454086781 0.000513083632632 0.00101265822785 0.00148662041625
3 0.038532 42.1864424375 0.00204498977505 0.00104821802935 0.00150451354062 0.0 0.00208441896821
4 0.038536 41.0654971974 0.000517598343685 0.00263574064312 0.000524658971668 0.00364583333333 0.0025025025025
5 0.03842 40.830192608 0.0 0.000510464522716 0.000518403317781 0.00102827763496 0.000520833333333
6 0.039072 44.0464782965 0.0 0.00155199172271 0.00204394481349 0.000513610683102 0.00199104031857
7 0.03852 39.0525441329 0.00152905198777 0.00105652403592 0.00154878678369 0.0 0.00259875259875
8 0.038872 42.355731632 0.0 0.000512032770097 0.00050735667174 0.0 0.00204498977505
9 0.0385 40.0055064935 0.00053050397878 0.000532765050613 0.0 0.00250501002004 0.00103573278094
10 0.039288 43.4987782529 0.000521376433785 0.000524934383202 0.0 0.000502512562814 0.0
11 0.0389 45.0270437018 0.00519210799585 0.00203045685279 0.0 0.0 0.0
12 0.039196 43.5611797122 0.0 0.0 0.0010157440325 0.001001001001 0.00104493207941
13 0.039188 44.5112789629 0.0010095911156 0.0 0.0 0.000508130081301 0.0
14 0.038884 45.0850735521 0.00101214574899 0.0 0.0 0.0 0.00102774922919
15 0.038152 38.4573285804 0.00106666666667 0.000527983104541 0.0 0.00206504904491 0.0
16 0.038644 42.0529965842 0.000512032770097 0.00154320987654 0.000526038926881 0.0 0.0
17 0.038884 43.0855879025 0.00203148806501 0.0 0.000512295081967 0.00206079340546 0.00209095661265
18 0.039108 43.5495550782 0.0 0.0 0.000515995872033 0.000519210799585 0.000504795557799
19 0.039444 46.6637257885 0.00197628458498 0.00103305785124 0.0 0.0 0.0015143866734
T 20 0.04 50000 5
0.160584
47.402929308
0 0.039604 44.2335117665 0.00155279503106 0.0010101010101 0.00150225338007 0.0 0.000994035785288
1 0.039996 47.8111811181 0.0 0.00145137880987 0.00100704934542 0.00102511532547 0.000485201358564
2 0.040484 49.526726608 0.0 0.000492610837438 0.0004995004995 0.00197628458498 0.00145631067961
3 0.039436 44.8960340805 0.0025025025025 0.00102616726526 0.00195217179112 0.0 0.00204290091931
4 0.0395 44.6439493671 0.000505816894284 0.00308483290488 0.000509683995923 0.00356778797146 0.00341296928328
5 0.039392 43.5350324939 0.0 0.000499251123315 0.000506072874494 0.00100050025013 0.00050916496945
6 0.040136 48.7541359378 0.0 0.00150829562594 0.00199104031857 0.0005 0.00194174757282
7 0.039668 43.1710194615 0.00149253731343 0.00102249488753 0.0014985014985 0.0 0.00253164556962
8 0.039924 46.8998096383 0.0 0.00049850448654 0.000492610837438 0.0 0.00199600798403
9 0.039356 42.6206931599 0.000520020800832 0.000524109014675 0.0 0.00342633382281 0.0010111223458
10 0.04024 47.306361829 0.000508130081301 0.000513347022587 0.0 0.0004914004914 0.0
11 0.039924 50.0769461978 0.00604838709677 0.00197921820881 0.0 0.0 0.0
12 0.040176 46.9845679012 0.0 0.0 0.000990589400693 0.000977039570103 0.0010162601626
13 0.040184 48.3059924348 0.00098814229249 0.0 0.0 0.000496277915633 0.0
14 0.03994 49.9665498247 0.000985707244948 0.0 0.0 0.0 0.000999500249875
15 0.039128 41.3249846657 0.00104058272633 0.000514933058702 0.0 0.00201005025126 0.0
16 0.03964 45.8060544904 0.000498007968127 0.00250375563345 0.000510725229826 0.0 0.0
17 0.03984 46.1786144578 0.00198906016907 0.0 0.000497760079642 0.00201612903226 0.00204603580563
18 0.040124 47.5649486592 0.0 0.0 0.000501504513541 0.000504286434695 0.000493339911199
19 0.040496 51.9864677993 0.00192122958694 0.00100755667506 0.0 0.0 0.0019617459539
